A[T>C]A	C[T>C]A	G[T>C]A	T[T>C]A	A[C>T]A	C[C>T]A	G[C>T]A	T[C>T]A	A[T>A]A	C[T>A]A	G[T>A]A	T[T>A]A	A[T>G]A	C[T>G]A	G[T>G]A	T[T>G]A	A[C>A]A	C[C>A]A	G[C>A]A	T[C>A]A	A[C>G]A	C[C>G]A	G[C>G]A	T[C>G]A	A[T>C]C	C[T>C]C	G[T>C]C	T[T>C]C	A[C>T]C	C[C>T]C	G[C>T]C	T[C>T]C	A[T>A]C	C[T>A]C	G[T>A]C	T[T>A]C	A[T>G]C	C[T>G]C	G[T>G]C	T[T>G]C	A[C>A]C	C[C>A]C	G[C>A]C	T[C>A]C	A[C>G]C	C[C>G]C	G[C>G]C	T[C>G]C	A[T>C]G	C[T>C]G	G[T>C]G	T[T>C]G	A[C>T]G	C[C>T]G	G[C>T]G	T[C>T]G	A[T>A]G	C[T>A]G	G[T>A]G	T[T>A]G	A[T>G]G	C[T>G]G	G[T>G]G	T[T>G]G	A[C>A]G	C[C>A]G	G[C>A]G	T[C>A]G	A[C>G]G	C[C>G]G	G[C>G]G	T[C>G]G	A[T>C]T	C[T>C]T	G[T>C]T	T[T>C]T	A[C>T]T	C[C>T]T	G[C>T]T	T[C>T]T	A[T>A]T	C[T>A]T	G[T>A]T	T[T>A]T	A[T>G]T	C[T>G]T	G[T>G]T	T[T>G]T	A[C>A]T	C[C>A]T	G[C>A]T	T[C>A]T	A[C>G]T	C[C>G]T	G[C>G]T	T[C>G]T
11576_R	57	19	31	28	36	36	47	70	50	13	15	42	9	8	8	11	45	35	36	44	16	10	9	31	17	43	27	40	25	34	38	57	26	12	11	11	5	5	3	6	38	15	19	32	16	7	12	19	24	33	65	95	19	19	28	13	36	21	19	7	20	18	23	15	6	7	5	4	3	7	2	1	35	22	22	48	45	41	41	105	44	23	10	31	8	17	8	31	26	30	34	51	13	12	9	50
11713_R	19	6	11	22	39	31	15	86	20	13	9	20	9	6	7	4	36	16	11	21	17	7	4	17	8	30	5	16	19	21	19	61	6	14	3	8	1	6	1	8	21	14	12	18	8	13	2	9	12	18	9	10	13	9	9	10	20	15	15	14	3	7	10	12	5	1	3	1	2	0	2	1	25	16	15	33	27	31	14	109	22	18	9	24	6	10	4	22	18	20	10	21	9	8	12	27
11840_R	156	79	70	122	128	203	184	180	119	106	67	152	39	107	94	172	146	146	112	125	91	136	83	79	32	63	36	47	89	108	157	136	25	49	15	39	8	16	5	13	67	68	49	73	46	42	51	64	36	41	36	39	69	51	66	34	59	63	27	35	25	26	18	37	10	13	12	12	8	14	7	6	85	78	51	76	120	185	112	200	89	118	63	124	16	84	46	119	91	107	78	142	58	102	45	85
11845_R	72	37	64	50	146	78	105	134	64	66	34	72	17	17	14	22	106	101	73	110	40	29	17	48	27	45	37	35	78	69	93	119	38	48	30	29	7	17	7	15	76	85	59	86	22	29	24	33	43	44	54	34	36	34	48	30	59	62	61	30	19	31	47	23	5	11	7	16	8	4	5	2	52	37	72	72	106	115	95	187	83	72	49	76	20	54	22	63	66	101	87	190	28	41	28	70
11883_R	168	99	97	158	209	190	186	251	138	133	66	153	55	89	65	167	171	203	78	145	75	196	81	155	47	107	45	55	93	89	177	171	50	85	24	69	13	29	13	17	136	169	84	92	43	80	72	95	81	39	49	36	56	49	79	33	81	124	66	77	45	47	43	49	20	28	8	9	13	14	10	16	160	107	116	156	121	201	168	272	124	185	89	176	20	90	57	114	163	174	95	160	82	151	62	168
11959_R	118	59	67	71	168	193	136	269	126	102	78	198	57	141	82	217	198	192	136	164	67	153	65	132	30	66	26	47	74	70	110	178	34	62	20	39	6	16	3	21	111	91	71	86	36	49	36	68	46	42	56	71	78	86	96	49	40	47	44	37	22	36	31	35	10	13	13	6	10	7	8	9	79	71	48	94	129	167	126	291	119	119	70	161	33	103	49	134	121	124	81	156	38	91	45	97
12341_R	82	43	41	44	109	48	45	97	80	43	20	60	44	17	11	43	95	53	29	71	37	17	10	79	27	61	32	37	59	50	52	71	32	39	16	27	10	22	8	22	70	44	29	59	24	18	17	54	55	43	21	23	59	39	57	27	64	43	19	24	27	35	35	29	19	3	6	8	3	6	3	4	82	57	56	52	76	101	61	129	72	89	44	94	39	30	26	56	55	47	26	68	39	28	20	142
12531_R	5	3	5	7	10	6	2	4	13	3	5	3	3	0	0	0	12	12	3	17	9	1	3	1	0	8	5	3	0	2	2	5	4	10	1	1	0	4	0	2	6	6	2	4	2	1	0	4	5	3	1	2	4	1	3	3	5	6	4	5	1	3	7	4	2	0	1	2	0	2	1	1	4	5	0	16	5	4	7	13	6	8	5	9	4	2	2	7	4	3	6	9	5	3	2	8
12541_R	41	17	22	27	88	58	56	257	33	22	17	36	14	11	8	30	44	40	27	57	20	26	13	67	18	24	22	20	37	49	49	116	21	23	12	16	4	9	2	5	39	42	37	49	20	21	19	31	30	21	17	15	22	18	22	33	19	35	25	11	16	24	23	24	7	2	6	7	4	1	4	5	30	24	27	33	74	75	39	207	35	29	21	46	19	30	15	31	38	31	30	49	28	36	21	120
12674_R	29	19	39	21	62	40	62	130	23	9	12	28	13	9	8	23	38	30	27	46	18	11	9	20	11	14	9	17	31	35	54	82	6	9	7	10	4	9	2	9	41	14	21	37	6	12	14	8	14	13	13	9	65	47	72	30	15	20	14	6	13	8	17	10	4	2	2	8	4	1	3	1	19	19	27	55	53	63	64	134	30	21	8	11	9	6	6	26	30	30	27	61	17	8	8	35
12839_R	24	15	25	20	38	31	20	39	13	9	5	16	7	3	4	9	31	22	18	31	25	6	10	17	19	18	15	21	17	28	22	37	5	10	7	11	3	10	5	10	12	10	10	29	13	3	5	15	35	20	18	12	37	16	37	14	9	13	12	7	7	7	13	17	7	4	5	4	4	1	3	5	48	13	19	36	21	32	25	46	17	17	8	13	5	5	5	18	19	13	21	28	18	13	7	26
12844_R	79	47	50	56	85	66	53	168	104	45	43	65	37	28	25	35	104	67	35	106	46	22	24	79	27	61	42	50	46	53	53	115	41	46	18	29	8	12	6	21	80	44	48	45	16	28	13	30	53	69	65	34	25	38	39	26	67	40	47	32	22	40	41	31	15	6	10	6	7	4	5	4	68	54	46	63	98	94	58	155	74	56	52	68	20	38	22	50	75	50	52	89	27	32	18	110
12886_R	21	6	9	7	15	17	12	45	38	3	7	14	8	2	3	12	25	8	13	25	8	4	5	11	8	9	4	9	12	9	13	18	9	7	3	5	3	2	4	3	8	3	10	10	3	3	4	5	14	10	7	1	10	15	15	11	12	11	10	11	11	7	13	6	3	3	0	1	2	0	0	0	19	11	8	15	23	20	17	56	25	7	2	14	9	10	9	17	15	6	5	18	11	3	6	18
12930_R	6	11	13	12	18	17	12	36	30	16	14	23	8	3	4	6	38	24	29	32	21	12	6	23	11	25	7	17	9	10	13	25	16	27	13	8	2	5	1	4	28	32	14	30	9	11	6	17	15	14	10	4	18	11	17	8	15	21	11	8	8	12	15	15	8	7	3	8	5	1	1	2	18	9	14	16	24	36	23	34	26	25	21	26	4	13	5	14	26	43	19	46	13	14	10	21
12968_R	143	92	70	161	109	144	132	179	129	125	88	203	36	123	98	221	110	146	68	113	55	225	82	145	22	45	24	28	61	56	105	95	10	36	16	21	3	21	7	18	65	41	40	42	38	56	64	56	20	27	21	24	30	29	31	18	37	48	29	41	17	20	29	31	12	12	5	8	8	9	16	1	66	69	51	89	109	160	134	157	58	115	69	132	12	102	36	101	71	83	71	104	51	105	52	109
13510_R	74	35	39	45	118	64	66	156	109	68	70	99	29	22	19	26	130	111	117	144	53	39	26	82	36	72	27	41	58	68	72	110	39	97	38	41	5	17	15	13	109	86	73	90	39	34	27	40	73	35	38	44	56	42	64	36	70	72	79	32	42	47	53	38	13	14	8	16	11	7	2	9	67	65	49	59	112	133	90	198	95	105	67	107	19	35	23	51	115	129	79	160	47	30	25	109
13532_R	58	29	24	31	61	59	38	115	67	24	32	50	15	8	13	18	62	32	24	52	25	17	17	32	11	26	20	36	35	39	37	89	20	19	12	24	8	9	5	13	42	21	19	42	14	8	7	23	31	30	28	25	33	31	30	18	36	25	18	21	22	18	35	19	6	6	4	6	3	2	2	7	53	24	24	50	61	47	44	121	35	30	24	39	17	27	14	32	25	24	18	64	20	21	12	62
13577_R	65	24	38	36	100	63	68	120	44	22	15	45	11	12	9	14	57	38	39	46	21	15	18	19	24	33	27	23	36	55	46	88	22	25	10	12	8	11	8	8	37	16	13	49	11	16	7	19	22	18	36	25	87	55	105	42	30	23	22	7	12	14	21	13	3	4	4	9	3	4	2	1	65	29	42	45	59	54	57	133	46	37	24	40	15	36	14	33	41	30	28	40	12	13	7	41
13739_R	30	9	14	15	53	28	29	64	26	14	5	11	13	5	2	18	32	23	18	15	10	7	4	19	12	18	12	9	11	35	26	39	11	14	8	6	4	4	11	4	23	20	9	20	8	7	9	15	24	9	10	6	65	28	55	29	21	17	14	8	13	12	12	20	5	5	2	4	0	1	1	0	26	18	19	19	30	50	31	37	28	27	15	25	14	11	14	17	24	31	13	26	15	15	10	26
13856_R	86	34	26	33	109	67	62	107	84	42	24	51	26	14	14	29	101	71	54	64	47	20	18	42	29	70	23	35	44	59	41	101	19	59	12	18	6	14	14	18	63	66	35	59	26	16	18	28	45	36	35	21	54	41	68	32	55	46	20	26	36	27	31	31	18	6	4	6	9	4	8	5	72	52	42	72	92	134	62	155	92	79	50	103	27	26	27	54	84	60	41	68	22	20	24	74
14112_R	103	53	56	63	185	179	202	374	96	64	33	88	52	43	40	93	128	144	92	123	47	79	56	111	36	68	34	47	97	117	157	283	45	67	21	28	13	20	14	16	117	97	74	96	36	43	34	65	40	35	38	26	52	47	78	43	63	82	51	48	40	51	44	40	25	23	13	11	10	6	7	10	66	61	43	89	121	159	161	327	91	87	73	105	24	44	41	98	131	114	101	189	49	57	27	136
14498_R	6	3	2	11	15	6	3	17	11	2	1	8	0	1	0	2	16	8	8	7	6	1	2	8	8	5	5	7	3	4	3	17	2	7	2	5	0	0	1	0	9	5	9	10	3	2	1	4	4	0	2	0	1	7	4	4	6	2	5	2	1	3	3	6	1	2	2	2	2	0	1	1	5	3	3	17	14	10	7	14	7	7	2	9	2	2	1	7	7	9	9	15	1	3	1	9
14534_R	75	36	45	64	56	49	52	101	62	49	24	70	50	40	18	80	47	43	37	63	41	79	35	76	24	20	13	25	32	30	55	75	13	22	10	15	10	7	4	9	40	22	15	38	28	28	22	49	19	19	15	12	25	14	34	24	18	16	13	20	9	12	25	17	9	8	5	3	1	5	4	5	39	32	33	46	43	55	49	119	30	38	18	54	16	34	16	88	29	27	24	42	41	54	19	126
14783_R	86	42	43	54	136	93	91	242	68	28	30	88	32	9	10	19	97	77	67	105	44	11	15	23	33	40	40	40	57	69	94	150	33	28	19	29	17	14	7	14	71	53	31	73	19	17	15	17	66	66	73	94	88	70	113	59	33	37	17	19	21	20	15	19	15	10	5	5	6	8	5	2	72	45	65	85	86	112	92	204	119	47	26	60	39	28	19	46	50	84	67	167	32	15	7	38
15284_R	34	21	34	22	80	183	105	4200	44	24	16	30	14	13	4	14	51	48	31	544	38	44	22	1562	16	26	15	18	44	62	65	783	19	19	11	21	2	7	3	5	27	31	28	188	17	18	10	317	31	27	57	76	34	68	61	549	31	16	35	23	10	6	12	6	6	11	6	48	7	5	3	142	32	20	47	26	63	124	74	2037	34	31	23	33	6	11	6	24	34	46	33	311	43	44	23	2195
15318_R	205	115	116	186	97	180	130	152	144	204	182	271	41	132	67	199	129	203	142	188	72	173	88	112	34	56	37	46	87	101	108	147	25	56	21	40	1	15	7	11	113	70	96	83	29	73	33	57	38	31	55	29	48	45	67	38	50	58	79	36	17	29	35	39	12	12	30	6	6	7	8	7	100	83	95	130	112	175	96	165	76	163	141	228	9	101	35	98	94	132	116	172	41	103	62	125
15356_R	72	40	56	47	115	79	96	157	75	40	21	71	10	15	7	23	127	68	50	127	48	27	27	98	28	83	27	58	48	68	66	123	30	50	20	35	11	11	2	11	79	73	37	102	35	19	14	42	57	44	85	117	53	64	56	34	44	57	29	19	17	16	38	33	15	14	13	11	5	2	3	4	60	50	69	75	81	90	68	169	100	83	49	82	16	17	19	48	85	82	74	162	36	30	30	121
15415_R	14	7	5	8	24	22	9	44	20	2	2	16	10	4	3	13	28	11	4	19	10	1	2	13	1	10	0	10	7	11	11	29	6	4	4	6	3	2	4	3	10	9	3	7	4	2	0	6	10	7	9	6	7	4	12	4	15	6	3	8	6	5	4	5	3	1	3	2	0	0	0	1	12	12	13	20	10	16	8	49	16	11	4	13	5	9	2	16	14	12	9	11	11	12	1	25
15555_R	44	13	18	30	45	42	56	52	28	20	9	25	9	8	9	35	29	31	24	46	19	22	19	33	17	14	7	16	25	28	45	44	6	9	6	10	1	7	0	4	24	23	13	16	6	8	12	13	10	16	10	5	30	39	33	26	13	12	18	28	12	5	9	9	1	3	2	3	1	1	2	0	23	18	17	32	34	43	45	55	27	17	10	25	4	12	11	33	14	19	16	41	21	17	13	39
15596_R	76	22	41	53	113	56	63	172	79	52	40	54	17	19	14	27	108	91	54	85	45	25	16	64	40	61	32	48	55	62	52	124	44	68	26	40	10	14	12	9	121	96	58	56	23	28	15	51	46	26	27	17	45	42	52	30	56	50	43	33	28	35	38	28	15	12	9	4	7	7	3	6	62	48	53	62	97	115	93	182	93	89	62	111	23	31	23	38	88	80	65	92	26	29	22	124
15803_R	54	22	14	29	68	37	35	63	41	13	11	20	11	5	3	15	53	28	22	35	25	16	10	29	18	26	23	25	22	27	28	55	18	14	4	21	11	7	1	6	37	25	15	35	8	5	10	22	34	23	23	20	23	24	28	13	31	23	10	17	12	15	23	9	9	6	3	3	6	1	2	3	43	23	24	32	31	74	27	63	34	43	20	36	14	13	17	23	32	35	26	32	21	14	11	33
15804_R	196	49	122	162	109	53	72	107	112	31	33	99	22	15	14	14	80	86	30	51	39	8	11	27	62	59	58	111	45	57	133	109	50	37	18	28	9	11	6	8	55	74	30	37	14	8	14	15	58	50	71	62	537	316	595	157	42	45	33	28	9	34	21	27	9	8	2	3	6	4	2	3	106	79	110	227	54	74	94	180	124	57	44	93	25	34	30	61	50	119	45	105	18	14	14	52
16036_R	14	9	11	12	65	38	29	61	18	3	3	9	3	1	2	6	38	37	42	57	11	0	5	9	8	11	12	13	16	21	29	45	11	4	3	2	1	1	2	7	26	17	21	33	5	1	3	6	11	8	12	11	21	25	21	12	9	7	5	4	7	1	6	7	5	3	4	5	2	1	0	0	12	8	9	23	18	29	23	59	25	12	11	13	4	6	6	18	16	41	38	73	11	2	7	8
16506_R	114	45	67	72	97	89	74	489	54	31	24	48	20	36	27	74	49	44	35	71	27	58	39	54	22	28	29	23	52	59	83	203	19	20	7	6	2	3	5	7	36	16	17	31	13	25	14	31	35	31	21	21	27	14	38	57	29	18	21	14	13	17	15	22	6	3	11	7	3	3	8	3	55	31	45	71	50	82	57	365	61	51	27	56	11	40	22	48	30	34	26	59	18	37	21	62
T03046_1	72	44	52	67	112	74	123	124	62	51	29	63	66	48	45	91	193	143	86	545	42	80	43	57	32	33	24	36	49	50	105	82	29	66	13	25	26	14	9	13	54	40	26	47	28	38	29	42	27	32	21	28	22	34	40	20	31	54	22	30	435	54	82	82	14	23	13	5	6	8	18	4	69	46	54	61	56	96	109	103	68	42	37	59	33	60	45	72	56	56	36	89	34	41	25	71
T03738_1	12	2	5	2	13	4	12	17	9	16	2	5	164	45	178	255	210	60	61	518	6	3	5	3	5	10	4	8	4	5	14	6	30	28	1	6	81	32	80	79	10	6	2	4	5	2	0	5	6	12	6	3	12	9	6	6	13	12	9	5	274	100	391	197	9	10	9	3	1	5	5	0	7	8	8	9	6	11	14	8	7	8	3	12	17	26	20	42	39	3	1	28	12	2	3	13
T03938_1	6	4	3	2	2	1	7	8	17	13	1	4	15	9	17	9	293	84	80	746	8	2	1	3	6	5	1	2	2	1	2	7	33	20	3	6	4	4	2	9	10	2	1	8	0	1	1	4	4	4	3	1	10	4	9	3	16	15	1	3	47	11	31	18	4	13	20	0	3	1	9	1	4	4	5	10	4	6	9	10	10	11	3	10	20	12	16	38	56	3	2	29	4	1	5	2
T04152_1	36	22	18	25	55	41	43	91	42	38	10	38	52	30	27	36	207	67	70	672	9	10	10	23	14	17	16	18	19	31	45	50	27	44	11	12	34	18	25	17	34	23	17	32	10	11	12	27	18	14	25	9	67	31	52	23	39	36	20	15	240	53	69	73	8	22	29	8	5	4	15	3	32	16	34	37	42	42	39	93	43	38	22	33	41	27	32	87	68	28	16	58	29	13	18	68
T04416_1	15	2	7	6	11	10	13	16	25	29	5	27	27	7	15	38	369	88	93	1108	6	6	3	27	3	9	7	6	6	5	13	14	37	33	3	4	27	12	14	7	10	7	5	12	2	3	4	11	7	12	2	7	7	7	4	3	11	26	6	6	164	23	62	52	10	16	17	2	1	5	6	3	11	10	9	14	11	16	15	20	23	9	2	17	34	12	31	41	63	9	5	36	15	5	8	43
T04650_1	4	2	10	8	19	9	8	12	56	16	7	11	23	10	8	18	646	131	132	1387	5	2	1	7	5	2	1	3	4	6	6	9	162	26	4	8	4	7	7	8	18	10	5	11	1	1	2	3	6	5	4	2	11	8	12	1	62	25	13	2	63	24	52	13	22	29	29	5	1	2	10	2	5	10	5	19	8	9	13	21	50	12	6	15	15	7	24	28	283	8	7	33	7	0	7	10
T04872_1	62	40	53	31	51	46	70	99	61	46	64	53	23	27	31	55	500	187	145	1427	27	24	15	58	20	30	25	21	44	54	60	53	51	81	29	27	17	15	18	16	68	58	45	69	18	21	16	29	18	23	44	22	26	20	27	13	37	62	82	33	79	32	74	45	20	29	41	4	5	6	10	5	28	32	52	42	72	63	69	107	51	68	58	68	28	32	33	53	93	49	40	101	31	24	18	80
T05027_1	16	7	9	9	27	19	17	93	120	22	7	16	58	20	29	52	857	163	166	1875	11	3	4	18	3	11	8	11	15	20	11	52	246	26	11	5	35	16	21	27	35	16	8	15	5	6	4	10	18	9	10	1	9	13	16	14	107	24	14	6	274	42	112	99	30	24	41	8	3	1	11	2	20	5	14	27	15	23	13	83	66	14	8	19	22	26	20	44	416	10	11	46	9	6	10	30
T05169_1	8	4	6	2	11	4	4	6	92	12	3	4	35	15	13	40	703	130	118	1430	11	3	6	4	2	6	1	0	9	6	4	6	191	27	4	5	10	5	5	9	23	5	2	6	1	2	2	4	8	5	3	2	7	4	6	3	75	16	11	5	144	30	70	63	30	22	27	1	2	0	9	2	4	3	11	12	12	11	7	7	55	3	5	7	23	20	26	32	377	3	6	22	8	7	2	12
T05213_1	224	115	103	170	223	302	403	279	180	188	96	281	75	227	151	443	258	328	203	397	109	381	190	187	37	60	39	42	168	120	402	178	40	82	15	55	33	36	15	31	133	79	91	112	56	120	101	125	76	58	45	37	125	95	186	75	42	100	40	63	145	56	76	91	32	44	42	19	13	27	24	8	136	120	72	138	209	247	348	231	99	173	87	208	42	189	105	278	129	173	140	235	89	217	95	149
T05247_1	17	12	10	12	28	26	74	69	28	14	4	8	19	9	16	24	248	82	73	586	5	4	6	14	10	18	10	9	16	12	31	46	58	27	4	3	9	13	7	8	20	12	6	16	5	4	4	6	21	11	8	9	22	20	33	15	33	25	8	6	77	30	67	36	8	16	14	1	3	4	14	1	19	14	26	25	10	26	47	54	34	16	7	17	38	32	39	49	82	13	13	27	12	4	11	29
T05409_1	381	189	222	294	289	450	507	499	256	223	136	295	140	279	200	470	434	447	237	1371	146	625	204	305	53	92	60	71	170	156	409	296	49	98	30	61	33	65	30	71	151	96	78	122	110	161	144	226	65	67	84	61	71	73	139	45	72	206	70	141	793	117	153	162	25	49	35	14	25	23	36	20	154	172	151	194	266	330	400	455	148	231	119	223	60	255	114	285	164	198	121	242	131	299	135	283
T05439_1	48	11	29	28	58	40	29	107	36	47	24	42	31	13	16	31	240	76	65	754	18	6	10	33	15	24	20	10	35	40	33	74	30	70	7	18	29	10	14	18	41	35	17	42	13	10	7	19	20	25	42	34	11	16	21	26	36	59	28	13	112	39	50	38	7	25	29	7	3	8	10	3	26	30	48	45	44	53	36	92	55	58	26	40	25	17	29	49	59	34	29	63	18	21	8	59
T05507_1	8	2	4	8	8	6	8	7	3	15	3	10	89	30	52	88	83	21	23	226	4	4	5	4	1	4	1	3	3	3	9	10	11	21	3	1	45	23	30	47	1	4	10	3	13	2	3	9	3	4	4	2	6	3	7	2	6	19	7	3	2192	48	196	306	2	17	14	0	3	3	10	1	10	5	5	8	7	4	15	6	4	15	5	5	45	31	25	60	23	8	1	20	28	2	3	14
T06157_1	17	4	15	4	15	19	11	12	23	13	0	9	42	23	23	42	496	191	122	1749	6	4	3	7	6	4	5	5	10	11	12	15	37	35	3	4	49	22	51	34	21	20	8	5	4	4	2	5	9	9	6	4	10	10	24	9	26	17	11	6	224	47	95	56	17	47	47	5	4	2	14	1	12	8	16	25	11	18	15	24	17	14	2	14	17	27	19	42	93	27	6	35	12	4	8	21
T06687_1	18	8	7	2	19	12	10	22	89	26	0	9	13	6	10	7	723	142	146	1379	6	3	1	5	4	6	1	8	12	5	9	17	178	23	1	4	10	9	14	7	28	11	4	13	3	5	6	7	20	14	4	3	17	15	17	6	106	17	10	5	18	29	32	12	29	26	22	4	1	3	8	3	13	5	4	12	14	15	15	18	59	9	6	13	28	19	34	30	373	9	11	41	13	7	3	7
T06791_1	34	16	42	22	57	42	42	131	55	36	16	39	31	16	10	27	303	86	97	932	20	8	9	45	13	26	19	20	28	37	32	89	36	58	9	20	12	7	14	14	46	45	27	36	8	7	11	14	35	30	38	62	38	34	65	32	26	46	30	10	38	28	46	26	13	32	34	12	4	5	12	8	21	13	33	53	45	62	36	120	52	31	23	34	27	25	18	46	95	39	33	84	18	11	13	48
T08368_1	56	19	30	20	45	29	54	73	30	27	7	25	20	19	18	17	219	78	67	793	13	6	5	23	17	25	12	11	25	28	26	47	26	44	9	9	13	14	14	11	31	17	22	35	13	5	11	16	28	14	30	19	31	26	30	23	25	32	11	8	37	29	39	16	6	26	28	7	6	9	12	6	29	14	30	34	25	50	37	87	30	25	25	34	30	17	19	57	50	21	23	56	10	10	7	41
T08403_1	51	26	29	28	90	40	51	44	133	39	16	37	46	24	16	40	966	181	196	2122	17	13	7	15	19	32	18	37	41	52	48	55	216	45	11	19	29	21	26	21	63	30	29	28	8	13	10	14	35	25	30	24	86	45	108	37	85	40	26	12	135	43	70	58	41	37	40	13	4	7	8	8	53	24	40	48	49	63	38	53	87	40	37	46	34	44	31	42	448	31	26	82	19	15	16	27
T08611_1	77	41	33	40	81	61	49	246	54	48	19	33	57	29	34	53	298	116	94	798	33	26	18	68	28	29	15	37	33	41	53	101	48	65	16	23	21	25	23	25	60	37	25	44	15	19	8	47	50	31	24	43	31	40	58	48	50	54	23	18	277	57	102	121	10	29	24	10	3	8	14	12	69	45	32	55	59	96	53	152	50	58	27	65	37	61	33	66	115	47	39	98	28	22	20	139
T08635_1	293	174	126	241	203	272	409	395	200	221	105	246	129	201	152	326	315	429	179	629	140	573	196	344	40	120	53	79	163	142	367	209	57	142	31	71	49	56	41	57	170	188	106	161	139	178	146	255	59	68	80	55	71	77	105	55	94	218	123	148	838	96	120	182	33	24	33	22	23	28	42	18	176	157	108	188	226	359	376	412	172	272	140	246	79	168	94	273	184	231	130	291	134	305	142	378
T08656_1	79	20	33	34	79	57	53	156	83	57	23	64	67	27	20	54	410	159	135	1054	35	20	14	43	34	61	24	44	36	61	51	88	63	60	17	18	37	20	22	15	67	52	39	54	19	20	18	23	36	28	38	24	42	33	46	23	63	54	26	33	213	70	84	96	21	19	25	11	4	5	14	8	74	33	45	58	75	86	58	106	75	84	51	100	33	42	35	72	130	62	53	101	27	30	21	71
T09140_1	7	2	9	3	9	9	8	13	12	19	2	2	39	9	17	33	287	86	85	985	4	1	2	3	2	4	2	6	2	4	5	8	20	28	1	4	23	7	16	12	4	2	3	9	3	0	3	3	5	6	2	3	5	2	10	8	11	16	8	3	138	20	44	53	9	13	16	5	1	3	10	1	5	7	5	16	5	4	4	6	8	11	2	8	22	25	22	41	40	2	6	29	3	1	6	6
T09805_1	12	11	10	12	26	19	13	34	31	18	4	23	46	18	19	38	380	108	108	1023	11	5	10	10	10	7	6	12	13	14	11	28	45	44	4	5	23	9	13	7	16	10	16	26	5	4	5	8	7	4	14	8	32	25	23	10	18	27	10	7	245	41	93	150	5	24	26	2	1	2	8	1	12	15	9	29	17	23	7	37	33	16	5	19	34	27	34	56	75	16	18	84	6	6	8	17
T11073_1	27	8	8	10	43	19	27	39	34	15	11	14	53	15	23	43	261	89	85	751	18	8	5	10	12	23	12	14	20	19	21	32	39	41	6	20	24	16	11	15	31	20	19	16	6	13	3	5	16	18	15	17	22	14	22	10	29	34	15	7	279	42	96	71	12	17	27	7	1	5	13	0	27	15	18	30	27	32	19	40	28	32	17	25	26	19	25	41	99	18	20	53	9	9	8	17
T11469_1	146	78	77	82	149	144	205	201	82	69	43	100	111	86	71	182	501	217	150	1543	46	126	61	95	53	47	36	39	80	107	166	163	47	70	13	27	50	46	35	41	80	44	50	72	36	63	36	66	73	33	48	39	200	133	231	93	48	71	47	31	1204	93	211	182	16	55	44	12	8	7	14	9	91	70	73	114	108	145	153	185	102	83	31	85	47	92	54	114	107	82	49	123	37	80	35	111
T11570_1	37	18	17	29	50	48	63	80	24	22	5	20	19	16	18	16	177	57	29	599	18	15	8	34	8	9	11	18	39	34	54	71	26	38	6	9	15	13	25	8	27	17	24	29	15	15	19	20	21	9	13	13	29	17	39	32	22	35	12	7	30	22	54	21	8	27	37	8	5	5	11	8	34	13	27	30	55	54	76	94	21	19	13	29	40	20	24	53	41	27	22	68	36	16	14	74
T12204_1	140	57	89	103	262	200	143	379	105	121	59	132	66	65	48	94	447	237	154	1338	58	81	38	77	50	87	40	71	111	118	116	258	90	137	38	55	21	19	20	23	153	129	61	110	49	35	37	54	72	45	60	31	72	56	94	43	91	92	73	40	314	65	87	87	36	42	51	15	22	17	18	14	112	49	91	91	164	203	136	368	133	144	102	179	38	71	57	136	162	149	95	182	53	74	35	100
T13554_1	291	162	140	243	304	398	362	975	217	217	116	271	117	303	209	481	566	406	214	1790	113	417	193	312	66	80	52	78	168	124	278	294	53	99	27	51	40	57	31	51	126	85	84	116	74	147	83	169	58	83	71	57	85	83	118	118	65	105	45	65	202	68	100	107	28	66	54	26	16	20	26	13	157	138	128	182	206	280	242	601	113	203	105	189	34	219	88	267	162	153	100	227	70	213	110	262
T13740_1	96	69	52	86	106	123	136	91	89	87	37	99	57	104	86	166	325	204	158	886	39	163	62	101	17	34	12	22	55	50	90	72	35	67	13	18	19	22	9	20	69	62	36	44	28	48	44	37	33	18	24	20	40	30	44	18	39	55	13	32	157	41	73	35	10	28	22	9	12	8	13	4	65	52	37	66	79	111	92	93	61	110	33	84	40	79	39	122	80	75	51	94	43	99	24	81
T17230_1	123	69	75	109	125	157	190	159	126	129	90	181	76	120	100	193	374	193	143	1000	78	177	82	117	32	55	29	52	59	69	148	100	36	65	17	38	27	32	31	36	86	78	71	78	57	68	42	74	48	48	32	39	49	37	72	38	47	67	33	33	422	58	96	82	19	38	18	9	10	11	26	11	94	79	63	109	90	148	148	180	58	135	72	120	49	97	75	141	100	85	57	112	71	110	65	134
T17804_1	98	32	66	61	95	107	96	211	76	65	59	88	35	23	27	40	290	169	117	635	57	29	22	69	33	68	33	75	72	102	83	175	47	100	32	47	14	22	22	22	100	103	68	98	36	33	27	69	74	42	51	48	96	68	153	53	87	102	68	52	33	51	50	32	18	34	36	15	5	7	11	16	83	44	68	60	117	163	114	204	108	113	71	112	41	43	39	75	112	116	65	154	37	28	32	91
T17863_1	142	70	83	122	136	143	279	168	145	84	37	94	63	107	80	192	665	285	182	1360	54	231	94	143	17	38	28	29	116	84	285	129	165	86	11	21	20	21	16	24	92	57	39	57	63	89	70	111	38	30	38	28	60	37	68	36	92	83	22	57	73	53	46	57	33	37	44	16	9	9	23	15	60	78	66	93	125	146	255	185	99	74	32	93	35	118	52	139	323	99	58	175	47	142	79	152
T17892_1	40	22	17	33	60	31	46	74	35	34	16	31	58	32	44	54	443	149	128	1496	32	19	14	32	26	33	19	18	26	33	33	54	35	61	7	18	24	18	19	30	47	44	22	26	9	15	21	25	33	26	18	17	22	17	24	12	38	29	23	14	523	58	144	118	12	35	25	8	5	4	17	0	40	24	27	60	45	67	51	81	38	45	26	34	33	38	40	79	88	42	23	64	25	24	16	51
