A[T>C]A C[T>C]A	G[T>C]A	T[T>C]A	A[C>T]A	C[C>T]A	G[C>T]A	T[C>T]A	A[T>A]A	C[T>A]A	G[T>A]A	T[T>A]A	A[T>G]A	C[T>G]A	G[T>G]A	T[T>G]A	A[C>A]A	C[C>A]A	G[C>A]A	T[C>A]A	A[C>G]A	C[C>G]A	G[C>G]A	T[C>G]A	A[T>C]C	C[T>C]C	G[T>C]C T[T>C]C	A[C>T]C	C[C>T]C	G[C>T]C	T[C>T]C	A[T>A]C	C[T>A]C	G[T>A]C	T[T>A]C	A[T>G]C	C[T>G]C	G[T>G]C	T[T>G]C	A[C>A]C	C[C>A]C	G[C>A]C	T[C>A]C	A[C>G]C	C[C>G]C	G[C>G]C	T[C>G]C	A[T>C]G	C[T>C]G	G[T>C]G	T[T>C]G	A[C>T]G	C[C>T]G G[C>T]G	T[C>T]G	A[T>A]G	C[T>A]G	G[T>A]G	T[T>A]G	A[T>G]G	C[T>G]G	G[T>G]G	T[T>G]G	A[C>A]G	C[C>A]G	G[C>A]G	T[C>A]G	A[C>G]G	C[C>G]G	G[C>G]G	T[C>G]G	A[T>C]T	C[T>C]T	G[T>C]T	T[T>C]T	A[C>T]T	C[C>T]T	G[C>T]T	T[C>T]T	A[T>A]T C[T>A]T	G[T>A]T	T[T>A]T	A[T>G]T	C[T>G]T	G[T>G]T	T[T>G]T	A[C>A]T	C[C>A]T	G[C>A]T	T[C>A]T	A[C>G]T	C[C>G]T	G[C>G]T	T[C>G]T
11576_D	159	96	117	92	165	167	126	230	106	59	40	112	85	40	23	99	152	103	86	123	54	30	26	85	68	131	67	117	83	92	123	195	69	52	25	45	26	30	22	22	102	84	61	75	30	33	33	54	159	145	179	209	154	130	154	84	69	74	46	41	35	58	46	53	17	14	9	13	11	9	5	8	155	110	103	161	114	133	119	227	138	92	49	109	56	111	47	127	88	100	80	188	68	46	36	167
11745	157	75	106	100	132	122	95	123	117	48	46	149	152	90	41	182	97	67	77	123	51	19	12	36	77	94	69	99	83	94	76	126	48	41	26	37	27	27	26	42	62	48	28	75	17	20	14	23	146	86	111	64	171	97	118	66	97	64	40	80	55	60	40	49	7	7	13	18	4	5	3	4	152	126	126	196	79	212	133	190	151	67	42	134	86	184	144	253	72	67	68	177	37	23	33	61
11764	119	71	62	67	94	80	74	120	78	32	24	71	63	44	19	73	66	58	53	71	30	19	14	39	47	51	32	51	40	75	64	91	28	24	10	15	19	22	11	20	39	31	23	38	21	10	10	36	71	51	41	39	154	116	134	68	40	31	14	24	23	36	21	32	10	9	11	7	9	5	5	2	107	85	67	110	64	90	57	132	59	46	22	64	52	106	42	117	46	45	20	100	21	29	25	85
11837	116	47	76	82	109	108	97	147	83	35	21	82	85	46	21	127	117	68	57	97	66	17	12	54	64	66	62	72	77	69	85	116	31	44	14	30	19	24	12	29	66	55	44	46	27	24	21	36	83	66	61	42	163	114	114	68	67	51	35	48	28	42	37	48	17	9	12	14	7	6	4	7	122	93	82	121	103	106	82	137	91	62	27	90	52	114	41	130	70	62	43	101	47	34	25	95
11840_D	185	80	86	113	179	149	121	223	148	75	39	98	123	67	40	197	167	120	76	139	116	44	39	79	65	147	77	120	73	107	97	161	43	84	30	60	31	41	20	37	125	129	69	111	43	25	54	53	119	110	83	75	201	119	196	88	78	99	28	65	54	51	48	67	19	13	13	13	13	9	3	8	170	184	105	148	159	179	115	229	147	189	86	186	80	268	96	217	107	127	72	179	80	47	46	104
11845_D	111	62	55	55	112	89	68	192	66	30	17	73	47	39	15	65	97	73	62	88	50	19	12	48	52	49	34	67	58	63	50	147	24	32	25	19	16	14	16	27	68	52	31	54	22	21	14	35	68	44	54	35	142	92	122	73	45	34	23	23	17	40	18	37	14	11	5	10	12	5	1	6	90	46	75	121	77	96	77	152	85	57	33	58	36	74	47	81	47	64	61	104	25	34	17	90
11883_D	118	73	75	71	150	93	79	181	77	55	38	81	113	53	28	131	147	110	68	138	65	33	26	57	67	90	64	94	65	79	85	148	45	89	27	53	19	32	10	36	125	122	59	97	29	33	29	49	86	66	63	57	165	93	111	48	75	70	45	61	35	73	39	63	21	9	9	11	9	7	12	5	155	105	80	125	135	180	121	168	139	171	78	155	59	152	116	156	112	138	73	118	58	42	35	99
11884	168	64	59	78	143	119	89	166	73	33	33	87	65	54	24	74	114	91	97	86	41	16	13	34	53	71	44	57	77	79	93	107	40	43	24	26	15	25	16	30	98	65	48	76	19	12	14	35	84	48	55	45	200	122	209	83	68	46	23	43	28	40	28	36	14	7	9	15	5	4	2	2	135	101	84	116	89	152	95	164	110	70	37	92	59	110	44	142	73	97	66	156	47	27	27	44
11957	126	81	67	82	149	108	95	172	113	28	33	85	80	55	28	92	106	64	85	93	47	25	25	37	65	75	50	79	79	85	51	128	40	38	26	27	18	24	8	27	48	39	30	48	26	16	21	32	89	74	63	67	167	139	158	85	44	28	22	42	28	47	31	46	18	9	11	7	10	3	7	6	140	109	90	121	88	113	87	197	91	57	35	78	66	146	66	128	43	59	58	115	57	18	29	93
11977	85	57	40	50	110	105	58	149	129	27	15	79	52	29	24	56	86	77	81	66	28	12	16	40	25	47	27	45	64	93	70	127	34	28	11	20	9	21	16	18	58	33	39	52	16	23	15	25	46	49	35	41	167	120	189	86	45	34	24	24	15	28	29	35	13	7	18	11	7	2	4	4	97	61	56	89	74	114	71	163	88	39	21	62	37	72	15	90	52	47	52	134	25	21	16	58
12150	123	61	76	90	153	120	94	298	113	56	35	96	91	57	26	124	133	85	82	113	52	27	9	60	55	56	40	71	100	83	76	210	52	46	26	37	25	35	9	33	86	70	62	103	21	32	20	34	67	74	41	40	96	82	118	63	80	61	28	53	34	56	30	45	12	8	17	10	6	4	3	10	132	95	92	117	116	146	95	292	82	94	47	111	62	105	43	138	73	69	62	114	45	27	31	118
12162_D	88	59	53	59	104	89	83	194	64	28	20	63	69	51	20	69	95	46	53	78	44	19	16	64	50	55	49	50	51	74	59	122	18	30	15	19	12	13	12	27	37	31	27	59	23	16	17	32	83	51	78	112	173	111	192	96	38	29	13	31	15	30	45	28	8	6	14	8	9	2	6	13	102	70	61	100	58	106	60	166	75	30	31	39	55	108	39	105	41	44	36	103	29	25	19	106
12163	136	56	48	65	164	123	115	205	83	36	18	69	68	42	19	84	138	68	71	68	34	21	13	39	45	55	51	54	77	105	103	179	41	46	16	22	16	18	12	19	81	58	41	67	19	20	10	42	84	56	42	43	195	126	203	95	72	49	31	34	26	34	24	31	11	12	8	10	10	4	4	5	118	85	98	124	118	164	100	232	111	73	39	81	62	94	60	113	66	74	57	135	35	33	29	72
12202	185	85	88	110	218	164	134	271	107	54	49	110	140	76	20	177	174	167	84	127	83	41	24	86	74	158	89	144	82	113	94	237	67	79	31	84	17	26	28	30	129	144	69	104	50	55	35	66	117	110	90	69	189	126	180	92	109	98	47	78	54	65	56	75	28	21	12	14	18	14	6	9	185	114	127	163	137	178	119	291	170	179	96	178	66	150	86	170	168	156	104	186	70	57	50	172
12210	147	64	81	90	167	168	110	1848	108	41	29	97	109	57	23	150	164	104	60	253	66	52	26	636	59	83	74	86	74	95	90	454	43	60	21	37	24	38	23	39	80	65	54	105	37	39	29	162	109	80	77	62	177	141	155	299	69	55	36	47	31	60	49	40	21	18	11	19	8	13	5	49	131	158	88	152	126	161	127	985	118	97	42	116	98	189	110	182	91	91	69	194	69	59	36	831
12226	236	117	136	132	317	181	165	401	210	159	91	148	121	57	40	106	319	308	165	216	127	88	57	272	145	299	104	176	137	172	131	300	124	221	78	117	43	66	31	51	310	313	153	201	64	85	67	185	179	118	118	116	206	138	174	95	205	215	115	99	113	112	120	106	37	34	19	19	31	19	20	32	266	180	180	221	273	344	217	391	267	378	213	309	86	110	77	190	327	310	177	294	140	136	114	501
12255	147	58	91	114	169	156	121	288	113	53	21	104	97	70	22	155	125	92	80	108	57	19	18	44	66	54	46	78	88	123	80	198	39	45	21	32	17	35	15	27	87	51	44	70	17	24	16	39	84	57	58	46	254	176	239	143	58	56	24	49	41	50	34	55	13	15	13	8	11	4	10	12	133	103	76	123	112	137	116	304	153	73	31	89	77	139	85	171	94	79	63	150	35	24	22	78
12280	117	50	75	59	143	73	75	124	74	24	18	83	88	60	20	122	84	68	49	110	39	12	10	37	50	53	61	45	55	60	64	106	33	19	18	21	20	19	17	25	42	50	37	40	20	20	13	25	81	41	53	46	176	99	154	74	40	38	13	36	19	35	15	32	11	11	9	6	2	5	6	4	104	80	73	108	71	78	67	148	70	47	25	65	51	92	51	149	45	53	36	97	36	27	19	54
12290	150	66	58	75	102	123	79	192	107	51	33	92	107	83	33	180	103	90	65	124	46	26	22	66	51	75	47	58	52	79	60	148	77	41	23	40	24	24	22	41	96	66	54	81	16	16	20	47	77	67	63	56	128	88	116	62	73	59	26	57	29	55	31	67	21	17	12	9	11	9	10	3	129	133	82	150	69	94	74	188	120	91	40	99	82	151	96	216	98	89	62	130	37	34	23	128
12339	33	21	27	25	43	21	27	59	43	18	15	27	14	6	8	12	41	38	32	50	21	20	8	39	19	40	18	43	21	25	16	24	15	29	8	22	5	9	10	11	33	30	22	37	11	14	10	20	29	33	23	27	19	17	18	12	31	29	16	14	13	23	27	25	5	4	6	4	5	3	5	3	33	28	17	51	35	34	20	56	36	25	25	48	8	17	10	30	31	33	17	45	23	21	10	60
12386	159	73	67	88	133	108	80	134	134	36	36	111	80	52	18	96	116	66	71	106	48	24	22	51	71	58	70	95	66	67	93	124	47	48	21	35	9	35	18	31	58	51	29	60	22	23	20	30	102	69	70	55	280	165	283	140	76	59	35	38	38	42	42	53	10	10	7	13	3	1	5	10	159	84	127	167	100	143	109	189	120	82	49	91	51	147	70	154	73	67	52	139	35	36	23	63
12430	226	111	147	120	353	347	226	1515	197	83	47	171	203	124	49	284	179	145	128	203	70	39	24	90	117	114	107	151	174	234	206	1006	80	83	49	64	40	47	34	52	150	129	81	116	33	46	41	62	157	123	94	83	232	211	266	221	94	87	44	84	46	83	62	63	28	28	16	23	10	9	10	9	221	154	135	219	165	342	177	1377	241	133	79	152	128	317	207	351	135	125	88	263	61	53	45	142
12466	133	67	73	88	165	123	87	193	114	49	30	121	136	66	32	134	130	78	73	113	39	23	22	58	49	69	62	72	68	112	81	177	32	41	16	33	25	25	20	37	88	57	46	67	30	22	22	27	87	70	62	60	282	179	222	125	68	45	24	58	36	50	31	49	14	11	9	13	7	3	3	3	145	108	90	146	121	144	104	253	130	68	44	113	80	164	66	161	67	59	65	154	38	19	23	77
12530	69	30	23	56	54	67	57	185	51	23	12	60	67	18	16	99	63	54	53	89	35	19	5	99	35	37	34	46	27	52	47	93	29	17	10	20	11	22	13	18	42	16	20	46	17	11	19	35	46	45	31	37	108	78	97	73	31	22	8	19	19	33	18	25	12	6	3	8	4	3	1	13	63	50	41	70	41	58	62	139	47	35	17	46	43	101	38	104	45	32	35	106	48	26	21	171
12531_D	139	97	58	68	151	94	78	159	112	91	67	120	78	63	14	88	197	148	95	99	75	43	24	92	66	117	57	86	91	78	91	151	75	141	36	62	18	39	19	29	159	159	94	113	27	38	29	80	102	60	60	54	193	127	162	87	95	108	57	59	52	89	53	70	24	11	13	12	21	8	4	15	139	105	82	118	124	215	124	224	151	207	104	183	62	103	51	119	193	172	101	175	58	56	35	197
12541_D	222	128	97	107	261	223	158	1713	138	76	50	156	147	97	42	194	210	111	77	205	78	36	26	217	101	131	74	101	123	150	130	542	73	83	28	64	41	54	40	52	163	102	78	117	41	42	35	92	129	113	86	68	172	133	139	207	117	116	56	85	61	92	57	83	21	18	10	22	15	12	9	19	198	142	113	169	173	234	141	1120	185	131	74	166	98	178	96	242	127	108	78	185	76	51	48	294
12560	36	12	18	16	38	35	29	94	28	7	6	11	11	4	4	12	34	29	26	27	13	11	3	23	20	13	9	13	22	26	19	47	8	8	5	5	3	4	2	3	17	12	11	26	5	9	4	9	16	16	18	8	57	35	39	14	15	13	5	5	7	7	12	4	3	0	1	4	3	0	1	2	25	16	12	27	31	21	17	98	27	16	9	14	11	21	6	28	23	20	25	48	6	10	9	17
12579	111	34	51	53	118	90	58	167	85	41	25	62	59	33	15	55	111	82	62	75	43	29	10	55	52	52	29	45	43	76	60	124	35	43	14	24	19	25	12	21	89	57	29	58	25	20	18	43	68	46	41	28	120	87	116	65	75	48	24	43	33	37	23	39	16	13	7	5	7	1	2	7	114	55	76	82	117	125	66	191	98	89	49	110	28	37	26	88	86	77	58	117	45	30	16	107
12605	92	42	41	47	86	75	51	114	96	29	19	42	63	42	18	84	79	63	61	70	33	23	20	42	33	42	29	45	42	43	43	101	24	26	13	19	11	17	7	12	50	42	21	51	15	9	18	26	56	37	38	29	131	101	118	70	55	34	25	28	21	21	28	40	17	6	6	8	5	4	7	3	84	68	53	80	70	76	56	137	63	53	28	71	43	82	31	86	43	50	41	94	30	24	14	63
12607	161	86	96	95	210	154	121	340	111	77	52	166	119	59	44	106	218	156	203	227	52	41	34	57	74	110	70	101	112	109	109	274	58	79	48	43	47	78	32	49	149	122	79	178	36	30	32	48	101	92	75	64	235	171	209	117	91	66	36	73	38	66	46	54	15	26	18	28	10	6	5	9	172	200	116	177	163	195	153	371	160	123	74	180	142	364	131	275	161	165	203	423	63	50	44	136
12628	129	73	64	60	127	68	75	123	84	46	26	80	66	56	16	97	97	78	52	69	33	17	14	50	48	65	31	59	59	64	63	88	21	39	14	20	18	26	6	18	84	44	39	52	15	25	22	35	79	72	54	33	131	109	131	72	54	47	29	44	35	58	29	32	14	8	2	11	8	4	2	7	102	77	64	110	113	109	81	143	101	84	45	95	42	84	33	136	77	53	42	83	41	31	18	87
12674_D	115	75	65	60	91	70	76	135	84	33	22	86	101	67	34	135	71	44	61	55	32	15	10	39	48	52	63	71	41	71	82	100	41	15	14	19	23	23	16	27	37	23	28	42	19	17	30	21	77	51	50	38	164	118	191	88	28	28	19	34	28	41	19	38	9	8	4	9	5	4	6	2	128	79	73	132	56	78	63	131	72	32	23	61	56	129	60	130	40	37	28	90	29	31	26	81
12675	134	70	72	87	169	100	91	267	128	68	30	103	108	64	37	146	128	83	85	100	42	16	17	75	49	85	80	102	80	98	83	210	51	39	24	47	20	28	15	26	92	79	50	80	32	17	29	47	81	56	63	41	197	118	218	106	75	43	31	45	43	54	56	47	11	13	6	11	11	5	7	5	107	124	92	112	108	153	111	264	122	108	68	117	63	180	142	196	85	100	67	158	44	32	39	105
12707	157	86	70	106	170	130	108	229	117	67	47	124	89	56	22	104	161	110	80	113	58	35	28	68	80	134	62	93	76	101	87	205	52	96	38	61	29	48	13	32	131	106	77	101	46	45	41	55	113	93	73	62	145	106	109	76	97	112	52	63	57	75	39	81	18	13	13	16	15	5	8	8	152	129	80	165	121	180	103	270	119	158	67	127	56	158	51	156	126	114	75	126	53	43	40	143
12708	123	88	62	64	142	98	64	120	105	57	41	123	115	78	31	156	121	98	62	116	50	26	17	51	47	86	51	69	40	66	47	118	58	56	19	39	30	20	19	29	78	80	38	59	30	23	26	25	89	67	54	44	117	86	119	65	73	72	35	70	41	61	38	57	15	15	8	9	12	6	2	1	123	107	82	132	108	137	78	159	118	120	66	132	57	121	72	174	111	94	61	118	44	39	32	95
12839_D	68	36	53	71	106	87	66	93	61	27	16	77	86	49	23	154	89	47	53	69	48	17	25	51	42	48	40	63	52	66	52	95	26	26	18	21	18	26	13	30	55	37	30	58	29	15	10	24	63	48	42	33	135	98	137	69	31	24	13	22	23	34	24	30	10	8	13	18	7	4	7	3	86	52	58	110	74	97	52	121	69	35	26	39	40	89	49	119	44	42	37	111	32	22	17	61
12844_D	242	132	125	131	239	172	116	346	200	102	65	167	168	87	58	203	189	141	106	174	99	46	43	129	107	197	141	182	111	126	122	276	109	115	51	67	57	80	50	73	178	130	93	151	45	47	58	72	142	134	123	81	148	99	141	74	112	100	68	78	73	116	78	76	22	17	16	15	19	12	3	12	215	389	159	211	170	203	146	336	190	227	104	215	165	478	273	427	156	137	85	231	92	61	87	214
12886_D	125	38	42	44	87	86	46	143	107	33	14	66	41	24	9	45	78	44	49	55	41	17	9	46	48	54	33	32	39	64	60	107	27	21	10	24	14	18	14	18	50	33	20	43	18	16	11	19	54	39	37	35	149	100	115	60	53	40	23	28	17	29	28	29	12	9	5	18	4	2	3	2	106	64	55	63	60	97	72	156	94	48	31	79	53	63	33	106	44	50	45	95	25	25	23	96
12893_D	133	63	78	67	137	107	83	250	89	35	28	95	103	68	34	145	105	91	90	106	51	24	17	61	71	67	50	91	46	81	78	159	47	47	23	41	30	29	27	34	81	55	48	82	28	22	26	41	103	67	55	53	181	148	181	101	64	43	17	47	32	46	39	67	13	19	15	19	8	8	5	12	131	93	80	143	89	124	117	239	101	67	38	92	70	115	75	174	79	86	69	166	59	31	36	97
12906	87	42	37	54	96	74	53	224	77	40	24	54	72	31	14	71	99	94	86	96	42	20	10	65	39	36	46	62	43	68	40	152	35	38	21	20	13	20	13	15	56	47	38	59	18	17	20	35	55	47	48	22	133	75	112	79	49	40	24	33	26	36	41	33	9	14	17	8	4	2	6	8	89	71	53	77	82	105	63	227	77	81	39	78	63	141	90	129	71	65	61	136	35	33	33	102
12921	115	49	56	56	125	112	68	265	82	36	21	74	110	60	20	150	82	57	55	65	41	17	13	38	46	35	42	56	70	73	72	159	43	31	21	26	22	12	19	19	67	43	34	78	28	16	16	19	63	40	48	48	155	137	138	93	48	32	13	31	22	39	25	40	9	8	7	11	8	2	5	3	101	70	69	92	87	122	70	214	102	43	30	91	38	85	68	123	50	42	39	109	27	20	21	57
12930_D	99	49	62	75	137	71	64	149	111	54	39	77	66	34	30	92	158	142	89	120	80	38	27	42	53	117	49	84	69	86	66	124	53	105	28	47	26	24	18	31	134	144	68	103	31	39	44	49	68	54	46	40	122	85	119	70	81	86	53	66	42	59	46	58	28	15	14	11	9	7	5	5	94	59	69	90	125	168	94	136	139	168	87	130	31	84	38	97	127	163	84	152	57	51	55	112
12941	119	54	72	64	99	92	68	144	71	30	26	86	102	59	24	142	82	63	71	98	37	18	8	22	55	59	42	67	63	79	82	117	31	37	16	17	18	30	16	28	69	34	41	46	12	14	18	25	67	59	42	34	163	95	128	69	36	27	17	42	22	51	12	43	14	11	9	8	5	1	3	4	111	94	81	121	67	95	71	146	67	42	29	76	54	152	80	148	47	54	40	132	34	14	17	46
12993	129	49	48	66	156	84	70	149	75	28	29	97	96	54	21	103	133	89	74	105	64	22	16	53	47	71	41	55	72	103	72	118	47	54	21	24	22	21	12	20	89	62	54	71	21	15	23	31	64	46	48	58	217	136	174	89	69	48	33	33	38	40	24	33	13	12	10	11	11	5	5	3	108	84	73	112	90	139	102	174	86	85	56	98	63	102	34	102	100	81	71	147	39	27	25	87
12994_D	88	35	45	52	117	113	82	158	64	24	16	58	57	28	18	51	77	68	77	93	34	19	11	49	35	46	33	54	73	80	76	141	29	24	10	16	17	20	18	19	55	44	38	57	17	15	7	28	70	49	38	36	154	125	143	54	40	32	18	29	24	24	32	29	10	12	11	7	1	4	6	3	95	58	58	77	80	125	82	160	75	44	30	38	38	71	34	87	48	76	54	163	34	18	23	64
13017	94	28	63	43	103	83	74	115	59	23	16	81	57	30	18	52	76	45	65	82	29	12	7	26	32	35	24	41	71	83	74	109	32	31	10	16	12	16	9	11	44	39	37	51	15	15	14	23	57	45	33	18	142	104	102	63	33	19	19	26	6	24	11	32	7	11	15	8	4	3	4	2	76	50	65	87	64	94	64	119	69	36	21	61	39	64	32	79	49	44	42	94	28	31	19	52
13070	142	71	66	84	148	123	112	226	90	43	23	86	71	39	13	57	96	68	58	79	40	20	17	38	53	48	36	57	69	112	99	178	42	32	23	34	24	19	13	17	72	45	40	76	14	19	19	32	79	52	49	50	181	132	156	83	39	39	29	37	28	46	25	34	11	15	4	9	6	4	5	5	125	80	67	128	100	129	97	229	97	69	33	70	46	78	30	103	71	63	51	107	28	32	23	62
13179	213	134	95	132	271	166	112	383	237	175	72	205	186	101	60	187	213	285	160	248	146	99	54	152	115	294	92	179	135	131	108	291	81	181	56	109	37	75	30	65	232	261	117	166	77	89	64	140	158	160	88	84	167	124	140	97	170	213	67	111	120	167	108	136	37	29	10	21	37	21	12	17	211	218	114	267	303	361	207	490	235	369	175	367	91	183	129	277	259	290	130	272	115	95	84	339
13231	186	65	83	100	238	153	136	261	119	55	45	118	163	113	30	218	211	160	109	152	69	28	30	72	82	77	55	89	111	111	101	190	59	55	23	43	27	25	17	41	111	101	72	121	29	20	19	42	87	56	54	59	230	177	248	98	92	81	36	78	40	56	50	68	21	23	13	21	13	11	5	2	153	108	98	145	153	175	110	246	162	110	50	114	65	185	92	225	134	112	89	211	51	30	42	117
13400	188	75	109	102	128	98	109	173	115	40	20	127	90	77	32	151	138	89	72	96	47	24	22	74	67	87	87	90	69	84	96	137	51	53	25	23	21	25	17	29	76	71	39	79	29	30	28	66	111	79	72	57	267	153	303	135	63	50	31	49	35	65	31	64	14	14	13	13	12	9	7	8	189	85	110	141	114	126	99	198	115	96	52	94	62	120	62	150	92	99	74	140	54	44	32	105
13413	91	44	47	59	91	73	49	95	68	20	20	74	32	34	9	54	93	80	50	81	29	18	11	24	32	43	26	45	48	48	62	97	29	30	12	25	8	14	7	14	58	45	32	42	16	20	6	26	61	39	29	34	119	82	96	53	44	30	14	29	18	43	32	26	12	5	11	11	5	3	1	0	91	79	40	79	66	75	53	131	103	53	38	73	42	65	44	79	68	71	38	93	30	15	17	38
13414	107	62	63	56	113	103	81	298	88	43	19	73	37	25	12	44	123	67	60	96	54	15	22	53	52	63	33	76	69	67	68	152	33	36	22	45	10	19	12	21	83	63	38	63	30	29	14	40	62	57	48	47	98	70	88	52	66	38	43	35	17	33	38	27	14	12	7	7	8	8	4	6	87	74	64	99	96	97	72	231	84	52	36	78	33	65	28	84	65	72	50	102	45	23	30	121
13510_D	218	119	101	140	232	192	141	436	164	89	57	201	145	81	52	173	260	177	161	192	87	39	40	99	110	151	88	160	109	148	115	305	88	90	34	63	30	50	28	31	146	157	90	126	56	46	49	95	142	132	117	116	239	169	207	110	114	107	52	100	84	85	69	92	33	20	20	29	29	13	11	12	212	155	128	206	201	259	158	408	207	169	122	194	116	185	90	226	178	203	154	302	76	66	75	194
13532_D	133	82	82	80	137	100	79	187	109	39	24	106	120	69	39	125	106	66	71	96	51	17	16	44	73	66	72	78	56	83	74	114	41	25	19	27	20	18	24	38	58	51	28	52	24	14	27	32	102	83	63	56	130	100	114	76	42	43	20	41	39	56	46	54	7	6	7	11	7	4	2	4	120	110	89	125	87	126	73	197	105	62	34	72	72	153	97	205	55	55	47	162	29	27	38	62
13533	145	65	64	83	146	103	104	172	71	44	26	108	115	59	23	216	119	96	109	143	48	26	17	45	58	80	50	81	89	84	112	163	48	37	20	38	32	41	17	41	92	73	58	71	32	26	20	24	108	68	54	58	255	187	288	107	46	63	30	40	27	48	35	53	13	15	10	20	5	5	1	7	122	104	82	137	89	125	95	197	120	97	46	96	83	132	73	164	57	86	67	189	36	37	30	77
13563	93	47	61	47	82	61	66	123	49	26	15	73	52	23	23	84	107	61	93	84	30	13	11	25	30	40	35	39	51	68	49	102	17	33	10	24	12	15	12	19	56	51	39	60	18	19	11	21	64	52	50	26	144	87	129	61	44	25	13	25	22	27	23	26	11	9	10	11	3	3	2	2	95	63	54	104	76	98	59	128	70	51	23	58	37	63	27	74	60	57	62	146	30	16	18	50
13577_D	145	54	69	57	149	89	93	213	100	27	18	66	84	78	28	120	96	53	64	73	30	26	16	36	67	64	78	99	70	88	79	157	52	34	16	18	25	33	25	25	47	40	29	49	23	13	16	16	83	63	77	38	192	142	204	73	48	31	22	23	23	51	34	44	12	17	11	7	8	3	6	7	112	114	79	121	76	104	99	203	81	50	21	60	86	243	141	228	41	51	48	96	23	17	25	47
13578	139	78	75	69	203	150	122	369	108	46	33	108	104	48	30	127	145	97	82	149	62	26	21	49	54	69	43	70	88	114	80	257	58	48	22	41	24	22	19	40	83	61	52	81	27	22	19	36	100	75	78	35	124	105	115	62	69	79	38	59	40	64	46	51	21	9	12	14	8	6	9	9	137	111	102	149	120	179	117	333	115	68	49	119	63	109	61	172	89	83	60	160	39	44	36	91
13599	120	54	67	68	140	132	110	442	65	34	29	103	49	34	19	45	71	59	80	87	41	16	17	41	46	69	43	63	86	92	87	249	42	31	24	36	20	26	20	42	51	51	36	64	22	8	13	21	85	65	63	44	197	128	202	109	72	55	25	31	29	40	27	47	15	14	10	18	5	8	6	5	110	70	73	129	85	127	89	400	102	63	35	100	55	82	52	117	55	59	33	115	43	22	23	65
13629_D	66	44	44	43	86	63	42	101	52	30	10	47	37	33	15	36	74	44	50	48	27	15	13	24	31	44	24	34	38	53	44	83	23	31	9	12	15	24	8	12	40	28	23	35	9	12	21	17	60	36	30	26	107	83	109	48	39	26	13	18	15	29	19	25	12	6	4	5	10	1	4	7	73	58	43	89	74	95	54	108	45	50	23	72	39	68	56	69	49	50	35	68	23	17	23	53
13630	194	88	93	108	154	134	92	167	128	62	38	151	170	102	44	232	135	102	108	163	46	20	13	47	79	82	70	110	88	96	79	119	49	36	22	27	32	35	31	39	99	53	56	75	24	29	30	34	120	101	91	71	261	148	268	122	65	51	29	42	42	69	45	59	15	12	18	9	10	5	8	10	169	111	84	214	95	112	92	199	145	78	45	129	89	231	158	220	81	100	78	199	47	41	37	76
13634	138	74	72	78	134	93	50	158	121	53	28	96	105	68	36	127	101	55	54	95	42	18	8	54	56	74	71	75	57	68	51	110	34	36	21	38	34	51	28	41	72	51	52	52	29	18	15	30	80	91	57	47	139	114	120	63	65	45	22	53	31	62	25	44	14	8	5	7	9	4	10	1	130	189	114	173	87	105	75	161	120	93	40	118	111	331	127	230	67	55	41	139	31	19	21	82
13655	122	62	72	57	127	110	79	160	79	32	25	97	67	65	22	89	112	95	71	98	40	25	15	35	46	63	46	76	51	79	85	137	33	49	11	28	26	23	24	29	81	67	50	67	24	22	23	32	88	61	65	42	166	107	136	85	58	68	30	42	33	55	37	53	19	15	8	8	9	8	6	4	110	93	79	118	90	122	90	163	102	71	36	95	66	141	62	136	101	72	55	125	38	28	20	67
13671	170	55	67	83	149	146	108	223	81	30	32	86	49	51	18	103	102	72	86	100	39	22	17	34	49	55	46	64	61	110	115	157	34	36	23	28	18	27	10	23	86	48	58	82	16	11	15	26	126	56	67	54	172	129	184	94	71	36	27	31	24	47	31	43	12	5	15	15	6	8	3	4	128	76	77	142	76	151	108	241	114	42	45	100	55	128	62	124	66	74	59	150	39	25	32	76
13682	99	47	61	59	117	91	69	208	108	55	25	86	54	36	18	85	142	104	69	119	58	28	22	67	52	61	37	65	67	77	65	136	55	63	17	49	23	24	15	26	100	91	51	85	33	26	23	41	75	54	46	39	96	80	68	49	77	75	34	58	34	39	30	45	18	4	9	8	8	6	7	8	79	89	75	92	104	128	76	209	103	93	65	129	53	102	55	90	114	106	59	124	47	40	27	91
13710	126	66	88	82	162	101	82	166	92	31	26	69	95	52	41	135	110	43	53	82	42	23	16	50	47	65	58	90	69	82	84	144	31	39	12	22	28	33	18	33	55	46	25	58	18	15	23	37	88	54	59	37	137	103	135	78	54	31	20	47	31	37	33	56	11	8	6	6	5	4	7	5	112	80	91	105	94	100	64	191	76	49	34	79	64	98	57	126	52	67	39	99	29	39	26	99
13738_D	122	49	66	65	244	347	198	7244	66	25	26	82	61	53	19	110	134	123	95	456	70	42	29	1704	52	75	39	60	91	120	137	1499	37	46	13	33	20	24	12	18	97	71	53	210	31	27	14	377	77	56	42	30	165	201	186	1136	58	35	29	37	35	31	31	33	13	12	13	50	8	11	9	100	91	75	64	99	160	235	162	3811	86	56	40	92	32	96	54	97	116	80	66	322	59	57	46	2240
13739_D	117	41	46	57	81	53	57	101	80	36	25	78	82	65	19	108	74	60	55	68	42	20	21	35	34	60	46	38	43	46	46	58	26	40	13	25	14	15	14	21	68	54	32	41	26	17	23	42	67	50	41	27	110	95	90	53	38	43	32	45	24	50	35	42	11	4	4	11	9	5	5	2	85	81	56	94	75	100	58	110	80	79	37	76	44	109	67	125	57	62	53	61	40	27	37	77
13785	126	72	83	76	149	152	114	1873	105	41	32	85	59	40	25	91	136	108	84	221	62	33	18	609	69	66	52	63	74	95	118	495	39	46	27	33	29	24	14	20	75	81	37	109	26	23	22	167	96	59	55	43	214	159	223	310	68	61	31	30	34	45	35	43	11	24	15	25	13	6	2	42	125	74	95	122	106	157	109	1015	114	86	44	104	52	78	48	118	82	95	77	187	48	51	43	838
13856_D	101	40	55	55	98	57	61	114	65	43	26	67	69	29	22	76	104	59	52	54	45	14	19	26	48	80	55	74	45	48	50	70	43	55	22	24	26	44	25	21	64	66	35	54	24	24	15	24	53	58	35	36	107	101	95	56	52	51	28	39	50	39	42	34	14	6	10	8	7	4	3	5	92	101	47	101	84	119	68	108	86	111	61	98	47	207	108	146	80	77	38	84	53	25	31	74
13884	146	59	74	90	117	118	85	153	109	52	41	111	95	43	28	136	127	85	94	122	44	29	14	45	62	54	38	77	83	85	91	132	39	30	26	28	13	26	14	27	79	58	53	64	26	20	26	33	90	66	33	56	190	120	208	106	57	46	37	52	30	45	19	40	12	5	2	6	8	6	4	3	127	80	82	146	85	126	96	173	121	54	37	105	51	90	39	121	79	80	66	151	34	34	26	79
13967	123	66	55	67	192	112	97	190	93	42	27	74	92	55	17	88	111	83	67	93	47	36	21	44	60	64	46	58	85	96	76	146	48	59	22	33	11	24	14	28	94	58	39	73	24	20	24	33	105	62	46	43	107	69	82	52	58	58	37	32	27	41	39	41	12	16	9	10	5	5	2	6	116	76	93	112	88	135	82	176	95	62	47	81	54	106	37	103	74	86	61	110	41	34	26	65
14040	119	64	57	84	131	117	67	152	89	46	21	134	169	101	35	228	92	97	128	137	51	29	21	60	52	53	35	57	88	94	68	176	41	30	15	29	20	33	19	38	75	56	59	74	25	25	24	35	69	56	44	57	189	136	146	87	47	50	28	72	43	53	38	62	13	15	10	17	6	7	3	3	116	80	67	147	103	121	82	195	124	59	33	100	73	114	43	205	74	77	77	193	46	37	33	89
14069	112	43	64	62	95	87	61	85	103	30	21	54	70	36	19	104	59	54	44	50	18	10	9	12	40	36	32	45	49	61	43	88	52	22	24	37	13	11	17	15	46	36	34	37	16	11	12	15	68	41	37	29	94	70	88	64	64	30	27	32	24	26	19	18	8	7	4	6	3	4	3	1	83	52	59	96	51	82	51	129	102	42	36	50	34	96	45	68	32	30	32	78	26	22	11	40
14112_D	180	76	91	88	277	210	167	399	156	90	74	146	96	59	37	106	265	228	171	226	87	38	34	104	79	151	70	123	127	169	122	315	76	126	29	69	39	49	24	40	209	195	114	172	45	57	36	71	118	109	68	73	180	161	203	105	118	144	81	78	65	78	82	83	30	32	20	19	24	9	11	7	161	107	120	145	226	267	178	422	231	193	126	239	51	121	89	164	214	224	175	290	92	68	58	202
14134	71	33	50	61	120	70	66	220	70	47	28	64	57	21	15	65	122	100	69	107	81	40	26	125	48	91	49	85	52	57	53	124	38	57	11	34	11	23	15	24	94	98	37	73	39	37	22	71	56	44	39	52	125	75	90	65	59	55	32	48	42	49	26	20	7	5	11	9	9	7	10	12	93	76	60	95	94	126	74	175	90	93	66	96	36	42	26	72	88	90	60	117	48	45	32	212
14219	123	42	46	65	101	67	62	179	106	66	27	77	113	37	20	121	113	80	72	92	55	22	14	44	45	70	46	69	61	65	72	135	43	50	22	26	16	13	15	28	87	66	34	48	28	19	21	25	61	49	48	50	98	71	124	53	57	44	20	55	35	45	29	39	22	15	8	7	7	6	4	5	104	92	83	102	89	100	79	169	96	73	59	91	32	75	47	113	98	92	53	134	38	22	20	63
14246	116	46	58	74	147	105	89	210	133	69	42	90	95	42	30	97	170	118	68	107	60	30	30	78	45	83	51	67	82	89	81	161	52	71	22	36	20	23	12	16	108	108	52	73	43	28	32	53	88	51	43	34	151	114	140	64	101	62	32	44	65	71	46	46	18	15	10	6	19	7	10	10	118	72	74	86	120	166	86	249	141	121	67	134	40	71	41	115	128	97	68	109	56	50	35	134
14270	300	165	159	182	233	201	127	422	184	95	65	177	163	120	42	186	208	158	152	227	94	40	24	150	128	144	84	141	115	144	120	259	90	89	41	53	30	70	40	46	146	127	86	122	51	48	35	80	172	148	114	108	246	183	278	140	109	96	55	68	53	122	64	71	34	29	17	25	14	10	11	11	247	186	138	272	186	218	130	413	210	155	92	187	100	269	130	301	161	182	141	296	85	64	54	242
14271	227	142	136	154	231	207	135	525	175	110	52	209	213	160	68	277	208	153	130	174	77	38	31	88	99	130	107	143	119	134	112	358	92	85	31	54	54	100	50	85	155	100	80	115	59	36	42	62	146	143	80	90	206	146	190	119	102	77	45	85	81	120	74	80	27	18	17	21	12	10	9	10	220	194	147	263	195	212	143	480	202	109	75	165	145	501	227	414	141	126	101	256	89	62	56	164
14338	178	76	94	116	281	173	133	424	142	103	50	146	88	52	33	134	225	230	122	158	84	52	43	89	71	154	66	115	128	153	106	257	114	120	43	79	20	37	17	37	223	168	82	131	46	31	30	45	124	72	62	68	202	140	155	113	161	125	61	73	77	70	71	77	33	27	15	22	16	15	10	14	184	101	106	135	206	290	163	426	204	224	122	258	49	131	50	162	235	237	119	233	74	62	40	124
14345	91	58	54	73	84	79	64	112	74	26	21	70	93	57	24	143	77	56	50	75	36	19	9	42	45	60	52	75	46	69	52	98	29	23	12	15	14	23	21	22	46	34	31	47	15	16	16	18	67	56	44	38	177	113	166	80	29	37	26	19	17	39	25	54	7	6	8	5	6	2	3	2	84	98	66	112	77	95	62	115	71	49	29	74	66	204	118	175	56	43	46	108	26	29	26	60
14380	126	62	66	73	168	125	109	139	96	45	35	90	69	36	32	78	124	89	87	96	51	17	15	64	61	81	37	80	92	89	60	147	37	40	13	29	15	19	11	26	70	51	50	61	30	26	16	28	79	45	77	81	151	112	146	76	59	43	40	32	21	40	34	42	14	18	12	15	5	3	5	3	106	74	75	130	109	148	68	154	127	69	46	95	36	87	58	111	97	80	63	156	48	24	31	75
14402	150	60	65	101	130	105	78	149	90	40	28	97	82	52	38	101	127	83	99	119	54	22	18	49	66	54	71	87	70	81	95	132	37	42	20	23	17	33	29	31	93	59	65	68	19	26	17	30	91	58	59	51	135	92	129	71	45	47	29	36	28	50	36	47	9	11	9	8	12	3	1	8	126	90	88	105	86	113	77	136	100	55	34	79	54	168	147	165	66	84	59	149	45	36	25	105
14420	153	88	78	104	158	103	92	183	99	74	41	134	92	58	35	106	161	132	110	149	65	27	18	69	66	106	50	94	78	98	90	139	65	74	24	44	16	36	10	25	115	79	69	89	31	17	20	42	101	71	78	68	224	160	161	103	93	72	35	69	35	62	49	56	17	13	10	15	13	3	6	4	145	123	83	177	123	165	112	170	136	182	74	185	63	145	60	160	122	153	104	206	52	32	29	103
14446	82	55	44	53	91	81	64	97	42	14	23	49	37	25	10	40	83	52	60	58	45	22	22	44	34	46	31	55	57	64	63	81	36	33	19	20	12	18	11	22	50	48	26	46	29	23	30	36	58	52	33	28	117	80	74	49	43	30	18	26	19	36	35	23	16	8	10	8	2	2	2	5	76	43	49	81	65	90	51	111	54	72	41	51	30	44	28	65	72	48	40	80	29	29	23	69
14464	123	45	64	67	93	93	69	423	103	17	20	81	64	38	17	79	80	56	49	104	65	16	28	91	43	41	35	65	46	94	56	161	26	33	7	15	19	21	14	21	52	44	38	68	32	19	22	43	62	51	34	43	156	106	132	103	41	43	20	31	25	36	30	27	8	10	8	10	6	3	3	7	85	69	66	103	58	97	86	314	80	44	25	65	47	89	36	93	55	67	47	105	34	27	24	126
14498_D	200	69	99	121	216	130	98	237	135	82	54	151	121	91	35	144	198	175	136	152	69	27	31	75	66	115	61	89	100	108	120	206	78	113	30	65	22	41	21	39	161	127	94	118	44	39	24	55	100	75	78	60	285	167	258	136	114	108	55	73	49	64	53	74	33	12	17	15	11	3	7	7	162	128	105	189	156	170	125	279	196	188	85	217	68	141	70	157	158	170	110	221	49	46	37	108
14534_D	114	49	56	67	141	104	90	238	120	40	52	108	109	42	32	104	88	68	60	88	27	18	9	33	55	53	56	78	77	87	81	167	32	28	20	22	35	36	32	33	65	30	31	47	16	13	23	24	51	43	52	47	116	74	105	52	45	48	26	50	23	49	26	29	10	5	9	10	6	6	5	2	105	95	79	104	84	154	98	252	93	69	25	82	76	223	162	213	46	48	39	86	37	20	26	67
14666	106	46	50	82	131	110	74	178	96	30	28	53	116	71	37	226	97	46	61	79	68	10	15	42	55	69	76	111	62	71	86	127	40	36	27	32	17	34	29	31	55	46	34	67	35	22	23	29	73	50	48	46	139	94	150	69	53	38	25	36	18	42	42	50	7	8	10	9	4	3	2	3	123	96	75	114	83	119	79	132	71	47	42	72	61	196	155	188	52	62	52	89	58	23	40	90
14688_D	101	35	54	57	119	75	46	161	75	36	18	78	69	39	17	84	63	64	75	77	40	23	12	49	44	57	35	51	54	65	69	116	29	31	10	22	18	24	15	20	52	56	51	49	9	11	17	28	76	44	40	28	188	122	195	90	28	44	21	29	20	47	32	24	10	8	6	13	8	6	3	2	99	56	72	105	84	97	89	135	74	43	32	80	43	90	36	86	68	52	52	125	29	27	19	66
14720	118	38	52	67	110	79	73	102	59	43	22	66	55	31	19	54	104	77	47	88	34	17	27	25	39	45	67	54	61	70	79	91	24	36	9	24	15	21	9	18	70	58	30	58	21	16	20	24	62	52	33	36	112	79	117	65	48	45	29	27	28	31	34	35	12	7	5	5	6	3	1	6	113	63	57	105	81	93	67	117	85	66	32	79	43	87	48	87	73	70	48	112	29	22	16	51
14742	116	51	66	75	124	83	79	123	98	60	46	71	44	37	18	67	132	112	66	79	61	26	21	54	58	92	53	78	56	81	52	88	56	70	36	45	21	36	12	22	89	87	58	90	26	23	35	38	94	53	46	53	117	82	96	55	73	69	50	45	43	48	49	29	23	16	5	9	9	6	3	5	109	68	78	124	119	127	97	172	114	114	61	99	37	62	33	86	109	79	73	107	55	45	37	116
14766_D	194	77	100	107	191	165	104	305	114	44	43	124	101	110	32	124	129	107	62	126	76	28	26	51	65	79	44	125	98	110	111	244	64	65	24	45	32	42	16	38	105	81	46	83	32	33	33	35	126	100	79	75	126	108	132	72	84	74	47	84	40	85	43	61	17	25	16	7	10	7	7	3	194	145	95	183	126	145	113	267	158	87	78	118	76	173	113	176	109	106	73	171	42	38	42	82
14767_D	93	38	47	51	104	82	78	142	76	16	14	60	29	29	13	39	87	51	60	66	33	12	16	35	50	48	32	42	44	79	74	124	34	31	15	16	10	18	14	13	50	29	19	49	17	19	12	15	65	40	28	34	146	92	148	62	43	29	15	11	21	25	25	20	9	6	5	12	6	6	5	2	85	54	56	103	82	88	77	146	66	32	26	47	34	68	26	77	34	54	59	89	25	31	9	74
14782	150	74	75	81	192	118	113	281	136	77	58	130	147	79	39	181	177	126	72	112	84	29	27	72	81	94	59	83	65	95	75	198	51	73	26	47	35	28	29	36	129	116	77	96	32	27	32	52	100	66	63	58	142	93	120	74	100	81	38	63	57	60	44	73	21	15	13	13	13	8	4	3	136	119	88	122	157	176	117	295	142	158	87	183	67	119	65	191	162	137	67	138	64	42	43	121
14783_D	118	70	83	84	151	114	107	237	115	19	33	91	115	66	23	137	100	59	55	78	47	25	19	34	58	67	51	65	86	103	77	183	60	40	19	35	26	22	16	31	83	32	42	61	25	15	22	31	108	81	94	107	184	122	173	85	72	39	30	38	29	55	32	38	18	13	11	9	4	3	5	5	116	105	88	104	88	131	96	259	128	48	32	60	72	135	84	160	55	49	40	122	22	13	14	46
14800	92	59	65	69	116	87	105	165	98	48	27	89	132	61	26	173	89	65	48	94	37	23	23	40	50	72	47	59	70	70	81	125	28	26	21	27	33	11	22	27	76	58	42	67	29	20	28	27	70	56	37	36	152	103	107	69	57	47	19	60	37	48	27	51	18	11	3	14	5	7	4	4	124	85	69	101	79	117	83	179	105	71	40	108	49	105	37	137	85	77	55	105	43	31	32	84
14832	111	46	69	79	133	78	74	102	72	29	29	84	67	37	15	97	108	85	79	89	43	26	23	36	37	71	50	96	58	70	76	103	33	25	17	25	10	19	12	21	65	63	44	57	25	27	19	37	77	60	77	47	145	115	164	72	66	43	32	36	31	40	25	47	13	15	12	15	7	5	6	5	105	84	73	99	75	112	93	117	65	54	34	80	25	83	25	79	59	65	67	122	38	42	27	61
14835	76	39	45	50	120	206	100	3511	60	30	19	46	51	25	9	69	84	73	52	358	47	40	18	1444	22	51	27	44	62	77	72	721	27	20	13	10	11	11	7	14	62	40	32	141	15	19	14	274	62	47	26	29	105	99	90	524	29	30	18	35	21	39	19	23	14	7	5	35	6	6	4	112	68	53	43	65	71	115	71	1855	65	36	14	44	40	69	26	84	57	47	42	229	49	46	25	1838
14868_D	112	63	65	85	103	113	84	252	99	29	19	86	102	45	22	133	83	63	53	85	44	23	19	44	40	56	50	61	75	83	65	172	26	37	21	26	11	21	23	27	67	40	34	46	29	31	13	25	84	42	46	44	97	60	69	56	47	49	32	35	19	35	25	32	14	9	8	8	7	5	2	11	97	91	74	88	77	119	91	230	85	57	33	74	44	98	61	124	52	60	26	86	32	28	26	73
14909	136	60	84	93	136	115	90	436	97	54	40	113	93	54	23	152	129	123	66	144	73	30	14	142	57	81	46	85	67	104	84	215	41	70	32	54	11	14	18	31	115	79	77	104	33	31	25	87	95	73	63	43	144	97	131	99	74	68	46	51	29	48	34	56	22	12	12	12	9	7	5	16	149	96	74	140	100	133	112	313	122	90	59	101	52	90	43	141	88	107	75	174	41	35	42	239
14922	132	73	71	110	123	97	85	201	60	44	17	82	60	40	17	66	95	73	68	96	46	18	16	74	44	51	41	68	73	104	109	123	30	34	16	27	18	22	9	16	74	54	41	72	25	26	21	36	102	77	55	44	230	149	213	121	48	41	26	23	29	34	35	28	11	8	7	12	7	6	4	10	124	84	65	106	77	128	106	215	96	61	21	89	45	80	47	101	66	79	46	116	40	32	23	109
15016	150	69	74	81	197	148	120	428	127	62	37	107	73	55	34	95	156	129	113	180	75	46	19	125	85	91	51	85	101	127	93	279	76	78	33	57	26	29	20	20	139	118	78	116	40	28	30	74	104	68	70	48	162	153	157	104	79	92	51	71	48	61	50	41	29	13	8	21	13	11	7	14	163	125	106	162	131	174	129	384	142	119	81	174	62	103	64	139	153	137	108	220	64	52	35	191
15124	88	44	44	51	115	84	52	134	66	44	25	68	55	29	20	51	79	86	54	74	44	21	15	38	44	51	42	51	48	67	50	105	37	30	19	18	15	16	10	24	74	74	35	46	22	20	11	23	81	53	36	29	118	85	93	52	58	63	32	32	28	39	41	44	14	11	4	6	5	2	3	6	95	75	60	93	81	125	74	133	92	98	63	89	46	83	31	119	75	77	48	99	42	15	19	76
15127	159	68	94	71	298	214	167	358	97	67	32	93	92	49	23	89	154	125	90	125	66	42	29	55	77	100	67	80	137	126	114	297	55	74	20	36	20	35	23	40	129	112	72	96	36	34	40	41	118	85	72	61	169	121	170	82	71	87	49	50	60	70	59	52	16	17	14	14	16	14	11	9	180	101	114	123	176	201	154	365	136	106	69	117	53	90	44	139	125	100	71	183	56	51	38	100
15128	124	62	30	74	127	78	67	138	61	32	14	79	112	49	17	162	104	70	67	96	47	10	12	26	28	62	26	44	58	61	52	103	22	27	6	16	14	25	14	28	52	39	35	53	21	10	18	27	66	41	25	33	140	104	149	72	41	26	20	31	29	31	21	47	11	2	6	9	8	3	6	5	95	82	47	91	73	96	72	143	70	51	23	67	49	81	25	102	71	58	59	125	34	29	23	59
15190	110	74	74	117	205	155	97	328	108	84	42	92	63	44	24	70	171	171	97	133	107	40	40	83	106	140	64	125	112	119	89	266	54	91	40	74	20	36	12	33	180	171	83	87	51	53	44	66	103	76	74	54	212	125	165	108	83	77	45	50	79	68	63	69	21	17	10	11	18	12	7	9	154	136	90	141	192	217	129	335	134	150	85	156	52	86	56	143	182	151	78	161	69	61	48	156
15202	109	63	51	62	147	123	66	120	72	24	14	50	60	41	25	101	80	70	106	76	26	9	9	33	45	46	39	56	63	109	77	103	26	29	13	15	19	18	10	31	47	40	33	51	22	15	14	23	60	52	41	37	141	109	128	74	33	30	27	30	27	45	27	35	7	12	8	14	2	5	1	4	102	67	75	114	98	122	70	169	81	44	18	64	48	87	36	111	47	49	65	149	27	15	15	50
15212	121	82	62	71	159	118	112	233	85	54	29	97	74	35	20	90	101	88	60	78	49	34	22	51	60	67	40	53	54	97	79	188	43	45	18	28	25	25	10	31	93	49	53	69	21	28	19	35	69	56	39	35	136	108	122	57	69	57	18	48	41	41	28	40	10	10	7	9	12	9	4	5	109	92	77	101	130	152	80	216	130	104	45	147	52	77	36	116	76	86	45	96	37	28	25	76
15228	132	60	49	66	136	85	78	148	70	32	16	65	78	56	24	64	132	85	57	114	44	18	10	34	55	70	43	71	56	77	71	154	32	47	17	22	19	22	19	23	73	49	40	76	15	30	16	35	74	49	42	36	181	112	176	79	48	33	27	34	24	42	33	32	9	11	8	12	8	4	3	7	110	105	74	107	89	119	98	145	101	47	32	69	55	95	64	126	66	83	57	162	47	28	25	68
15229	108	57	49	52	127	102	72	183	104	49	26	74	62	31	18	73	98	71	64	76	47	26	14	51	35	61	35	57	60	90	53	165	25	45	23	30	16	22	11	24	64	61	35	53	21	18	22	28	65	60	40	35	111	75	86	75	61	49	27	31	27	31	26	33	15	8	10	8	8	9	5	3	89	67	65	96	74	137	76	198	84	107	50	130	40	56	27	90	84	68	46	85	46	42	17	92
15251	162	85	93	76	183	144	135	278	118	43	42	90	77	57	28	146	141	83	102	118	52	28	25	75	61	77	61	92	73	106	113	239	45	51	20	28	22	37	18	30	67	59	54	81	29	41	24	53	128	91	74	46	183	138	175	78	66	47	25	45	36	59	51	49	25	22	16	21	7	9	3	5	161	116	122	143	120	131	92	324	84	66	43	100	70	162	77	171	72	86	64	136	37	37	36	143
15284_D	121	46	56	57	308	476	251	11588	70	32	30	56	39	28	13	58	132	120	80	1430	110	96	44	4537	53	68	32	76	114	162	139	2135	43	42	19	33	15	23	13	21	97	73	42	496	42	36	31	979	82	64	75	108	235	212	210	1324	61	40	25	29	32	24	22	33	11	18	9	138	21	11	6	274	95	59	73	91	186	290	164	5864	89	68	45	86	36	64	43	72	76	80	56	701	99	128	73	5943
15297	118	73	78	82	156	85	82	170	100	39	32	115	55	55	19	77	129	96	101	93	47	19	13	40	49	58	50	67	75	69	80	140	48	42	18	21	15	17	17	36	96	76	46	83	31	25	23	18	82	62	50	56	192	115	174	75	74	54	26	40	36	48	34	54	17	16	14	9	5	2	6	7	140	73	106	133	118	125	92	171	109	88	48	108	57	102	38	133	87	95	56	165	39	32	23	77
15318_D	189	87	92	82	161	128	97	245	101	73	54	126	99	82	30	159	183	165	126	175	67	42	33	112	88	116	87	113	93	110	85	209	71	78	26	51	24	29	16	49	154	133	87	119	34	39	32	70	125	91	72	69	234	165	235	98	92	100	56	83	55	71	56	68	27	26	16	19	16	3	4	12	180	124	94	159	161	190	100	261	144	149	87	173	87	126	99	216	135	173	110	221	51	57	39	139
15321	76	31	40	46	80	72	41	87	55	12	12	42	53	30	24	68	54	50	41	67	25	14	13	33	25	44	52	50	30	66	55	76	19	19	13	12	11	24	19	9	30	25	20	26	9	6	11	20	50	35	31	21	114	57	107	50	35	25	8	22	18	27	22	33	9	4	5	5	5	3	2	5	81	67	50	91	45	79	69	84	45	28	16	48	57	161	72	113	35	28	25	98	27	12	14	33
15359	144	52	63	64	129	92	73	201	87	55	33	86	88	60	37	80	121	107	86	112	42	17	21	61	75	102	83	124	74	82	89	165	70	80	32	46	18	47	39	32	134	114	80	97	27	31	27	34	104	52	69	37	124	78	112	67	82	75	35	48	40	59	40	45	27	20	8	14	8	15	6	4	129	172	97	136	126	135	103	225	128	117	78	127	94	397	241	227	116	99	79	155	42	40	30	92
15415_D	151	65	63	83	156	107	76	335	111	58	27	112	150	66	30	150	107	95	73	102	36	23	26	76	68	87	56	89	61	98	85	209	38	43	17	38	26	24	22	45	57	81	50	72	28	39	16	38	72	64	47	44	142	92	137	77	60	59	26	62	44	73	37	42	23	10	9	16	15	3	4	10	156	115	76	124	109	147	62	342	126	89	48	127	74	175	99	199	91	75	53	130	46	35	30	142
15474	154	68	72	87	206	148	111	382	122	49	33	131	60	38	21	91	196	128	101	142	58	23	24	49	59	98	72	90	89	125	113	293	65	79	23	42	31	29	17	34	104	89	62	101	31	22	24	38	105	85	65	63	202	156	206	135	72	66	40	44	39	46	57	51	25	22	19	22	9	9	8	8	145	122	85	156	129	204	131	412	136	114	65	138	69	157	93	173	115	121	99	212	35	30	27	90
15492	114	49	52	58	154	135	96	252	48	21	23	65	50	23	15	48	106	74	69	100	42	25	12	35	53	53	38	57	59	90	66	119	36	45	20	27	17	23	13	24	69	55	31	54	21	20	21	27	70	50	36	24	166	114	135	76	46	44	16	29	24	32	30	32	14	11	10	16	9	3	4	6	81	59	55	119	92	130	69	217	85	57	27	83	40	84	34	100	81	81	66	127	39	28	22	66
15495_D	107	56	49	57	95	83	76	209	71	25	21	88	62	52	18	57	65	63	63	91	26	17	19	32	39	43	29	53	56	66	66	142	35	30	17	13	20	16	17	14	57	35	33	52	14	6	11	16	66	54	32	40	170	114	156	67	40	26	19	42	16	26	27	30	15	6	3	7	4	4	4	4	96	75	50	128	63	86	69	195	98	42	20	64	43	99	38	96	46	44	52	128	30	19	25	51
15528	111	82	66	92	150	99	70	207	118	59	37	78	96	41	22	85	144	78	48	57	56	25	21	60	50	123	56	100	78	84	75	184	45	58	9	44	19	36	16	34	86	75	32	42	28	40	31	49	87	81	43	39	144	102	169	62	79	73	28	43	48	54	49	46	14	6	5	12	17	5	3	6	124	164	76	112	116	148	96	233	134	120	56	113	88	253	68	178	120	77	49	69	42	30	36	101
15555_D	82	41	45	55	68	71	49	129	62	31	16	39	36	27	18	43	71	52	31	53	43	19	9	52	34	45	34	43	45	46	49	78	23	23	11	19	10	31	11	19	40	30	27	47	15	12	12	30	56	45	25	21	133	83	133	69	36	22	26	24	24	39	27	35	15	10	5	6	9	1	2	5	67	93	56	85	58	82	63	114	65	45	26	64	39	145	60	93	33	29	28	74	28	25	9	82
15563	153	74	67	85	151	89	86	203	115	76	39	126	159	87	34	300	139	108	71	112	53	24	23	55	70	127	78	114	76	82	99	123	50	75	24	30	43	41	23	42	102	102	52	68	28	27	35	37	112	74	68	58	133	105	113	84	80	69	40	76	63	94	63	72	14	13	15	12	14	5	10	4	151	135	96	152	127	179	121	215	136	122	68	145	74	245	141	250	117	110	63	143	51	45	40	95
15582_D	125	71	77	80	188	123	88	184	104	44	29	101	118	54	35	121	118	101	108	106	54	28	19	53	72	88	73	91	89	99	98	165	46	46	20	30	27	20	23	28	74	51	45	84	15	31	30	27	90	78	62	56	161	127	178	84	47	54	20	41	44	53	39	59	20	10	12	17	6	2	4	9	147	121	96	119	105	150	107	197	119	88	48	97	74	178	89	186	73	90	84	169	52	40	26	97
15585	125	48	63	57	100	80	76	122	60	29	30	51	97	56	19	163	95	67	54	76	68	19	11	56	43	48	45	68	52	72	65	111	47	27	16	21	14	25	21	26	47	30	31	46	22	19	25	34	73	45	46	34	137	102	133	66	40	36	23	35	20	41	27	33	8	4	9	11	8	3	3	3	107	78	71	107	58	83	71	132	83	41	40	85	54	104	89	137	48	35	34	94	34	30	41	65
15596_D	129	78	71	86	208	109	86	245	136	90	59	108	67	47	28	122	176	205	96	130	88	50	32	103	65	148	48	64	88	98	98	174	64	131	28	59	18	41	22	38	168	191	63	114	52	52	47	84	108	84	61	35	117	88	97	56	108	118	51	72	78	87	65	90	32	16	23	7	10	19	10	15	158	98	90	115	197	250	155	281	135	225	112	187	65	107	60	125	188	208	105	161	78	74	54	222
15597	87	43	44	65	135	161	112	2673	69	36	21	53	48	23	13	28	97	85	56	335	57	56	22	1390	38	59	29	63	65	78	74	535	41	32	14	33	9	19	11	21	51	48	36	148	18	26	15	297	61	46	39	37	130	104	85	320	48	53	33	22	22	32	24	32	5	17	10	40	12	5	7	72	91	70	70	79	84	138	99	1367	68	47	36	78	26	54	18	71	55	67	35	205	51	58	41	1721
15598	114	52	65	54	91	80	56	93	78	34	21	64	78	54	28	95	65	47	40	65	36	17	10	23	41	50	32	46	50	59	56	70	27	20	16	13	16	21	12	23	39	33	17	43	11	11	17	16	73	52	46	39	165	117	155	80	39	24	13	35	22	32	24	32	9	8	3	6	5	3	1	7	98	83	71	95	60	67	62	101	68	28	29	47	52	124	51	143	50	48	33	67	45	18	19	42
15677	141	56	63	69	184	134	102	239	84	35	27	61	45	39	20	89	122	90	85	73	34	17	20	47	38	45	61	66	83	139	93	201	35	37	23	26	4	19	14	14	54	49	52	77	20	24	15	21	82	62	44	40	153	117	150	73	54	38	21	24	29	37	33	31	27	10	11	17	11	2	0	3	106	82	76	102	145	174	98	283	89	56	28	73	40	97	73	115	76	51	58	109	29	30	26	74
15678	92	42	54	60	102	81	64	106	93	37	27	67	49	33	12	59	86	61	43	66	43	19	19	31	42	55	39	39	53	61	71	97	29	37	16	26	15	9	7	9	50	55	36	51	15	15	14	34	78	30	40	31	140	127	144	69	34	38	24	25	33	27	20	27	12	12	5	6	2	2	3	4	96	59	72	82	58	104	63	128	67	50	39	61	26	45	25	71	69	61	37	79	38	22	27	63
15697_D	108	58	57	77	165	106	73	195	76	44	25	95	94	57	26	151	109	84	59	100	76	31	26	70	50	81	36	74	64	71	78	112	34	51	13	33	22	22	17	26	94	65	38	76	37	32	28	54	79	62	48	48	111	88	97	64	58	57	36	47	40	62	30	49	18	10	8	9	13	7	5	5	121	65	80	118	95	141	88	186	84	97	58	119	50	101	43	152	78	80	42	128	46	44	34	129
15765	90	37	50	56	97	92	71	145	63	49	22	64	43	32	19	67	94	74	71	73	41	19	19	41	46	36	38	43	64	61	55	96	32	43	17	23	12	17	8	18	57	50	32	39	22	15	16	28	64	44	45	34	140	100	107	74	71	53	23	29	25	31	37	23	20	12	11	7	10	5	5	2	100	89	55	70	103	98	79	140	65	63	40	69	33	118	48	125	55	57	41	102	35	33	25	88
15801	173	75	66	91	166	104	98	203	101	73	25	131	72	68	37	79	144	93	90	109	79	44	26	88	61	105	47	91	72	80	58	164	44	64	20	54	24	30	11	40	106	87	47	87	31	36	33	57	100	84	49	48	168	133	154	73	74	72	33	43	54	61	57	67	24	14	14	10	13	10	3	14	138	129	86	137	129	146	113	222	111	115	55	160	50	100	50	136	101	99	60	161	65	52	44	145
15803_D	67	41	35	42	90	67	58	84	58	28	20	49	50	32	13	93	86	55	46	65	41	12	10	28	37	40	31	37	45	45	59	84	29	18	10	17	16	19	11	18	56	34	32	38	22	15	18	27	48	36	39	25	97	53	67	44	41	23	27	31	25	29	23	27	6	5	6	8	7	3	1	5	72	62	42	81	63	73	58	114	77	48	29	58	27	78	30	98	53	57	38	89	30	18	24	43
15805	161	82	75	92	201	150	124	295	122	62	40	119	159	86	30	182	176	124	112	163	56	39	16	70	90	65	45	74	96	107	104	216	76	51	26	46	25	19	21	32	150	76	79	92	30	30	29	48	121	63	68	73	154	95	148	85	75	55	37	62	43	60	39	58	23	17	14	13	18	9	4	11	151	117	90	162	140	141	139	253	129	112	55	146	67	142	55	194	115	102	87	198	51	44	37	111
15822	124	69	55	61	163	110	88	234	131	68	32	112	83	46	33	118	176	112	75	132	75	39	25	87	48	76	43	56	94	78	91	182	55	57	27	37	21	22	12	30	132	96	70	119	32	36	26	64	95	69	49	40	198	132	180	108	75	63	32	66	47	50	42	85	21	9	11	12	15	4	10	12	127	97	60	110	127	162	96	304	142	105	67	150	55	108	43	121	122	120	79	164	66	53	25	174
15898	187	83	109	102	156	137	107	429	142	56	35	149	167	85	38	215	145	107	76	164	54	26	17	133	77	83	64	122	94	119	95	239	48	65	22	42	28	36	21	48	94	97	58	101	25	29	39	65	124	77	75	92	141	101	158	80	81	62	32	69	54	74	48	50	15	13	10	18	9	10	6	12	192	118	139	185	109	173	119	363	173	114	54	121	88	159	71	212	89	97	74	219	63	46	43	209
15903	220	102	118	151	231	207	142	308	190	78	45	195	308	124	65	437	194	121	122	243	89	32	31	76	100	95	83	101	110	128	111	222	57	50	32	38	70	54	53	86	116	71	107	148	46	29	35	65	151	103	79	76	187	177	213	104	112	81	50	130	64	84	51	89	16	20	18	21	14	11	1	12	200	136	141	232	163	183	141	337	185	92	49	190	138	190	82	323	87	104	111	319	78	58	62	161
15915	135	46	56	68	144	94	61	212	92	53	19	86	85	41	14	105	118	99	57	96	64	39	22	62	50	66	38	58	73	75	70	143	36	50	14	22	21	28	18	33	89	80	58	81	23	32	28	41	71	70	43	45	124	91	106	66	72	69	28	46	53	59	30	52	20	12	10	10	12	7	6	5	129	93	71	125	112	151	96	207	84	106	51	106	47	86	32	122	91	93	68	116	62	41	33	118
15923	102	40	63	61	113	73	56	112	82	38	29	51	48	42	21	50	100	60	42	66	28	19	19	33	42	53	39	63	59	67	61	80	33	42	18	27	21	24	1	27	59	46	36	64	15	20	26	28	85	69	53	27	105	56	70	48	64	44	30	25	30	36	32	23	8	8	10	10	7	4	2	4	79	72	74	84	80	98	72	123	83	46	29	73	28	77	30	101	61	56	42	101	24	31	12	56
15941_D	149	91	80	101	212	113	109	174	132	91	44	130	100	64	39	106	165	149	115	123	85	49	23	66	88	152	79	129	96	102	97	147	59	110	35	68	36	34	18	36	165	158	87	106	42	38	53	69	93	89	64	69	142	89	99	62	112	94	57	73	46	80	56	67	23	21	14	13	14	5	7	12	148	105	113	154	163	228	120	199	150	203	113	180	78	146	61	153	174	164	105	163	72	42	53	136
15956	88	42	54	64	92	67	51	136	97	36	22	85	86	56	10	96	93	81	57	79	58	22	18	64	47	63	37	68	37	61	47	98	31	58	19	37	22	17	14	26	58	75	44	43	32	18	26	42	75	46	48	43	144	92	94	63	60	47	37	44	21	36	36	31	11	7	10	8	8	7	0	5	96	74	48	94	79	93	73	137	85	87	40	83	65	87	46	130	75	83	35	88	48	30	41	107
15959_D	168	83	91	109	134	132	99	305	91	60	34	123	140	60	34	165	125	118	78	138	102	44	44	177	68	131	65	137	61	93	103	199	42	46	23	54	22	45	26	50	113	90	45	97	46	29	58	111	120	114	122	113	172	139	155	94	89	71	38	51	46	66	49	72	20	12	10	18	9	9	12	15	145	138	109	197	101	145	89	248	117	89	43	113	76	130	81	208	92	106	65	165	66	58	39	305
15998	82	49	39	53	81	55	53	127	53	28	19	63	43	58	14	82	79	49	48	63	27	15	12	31	49	36	29	32	40	59	50	94	24	22	12	13	16	17	13	18	52	26	29	41	12	8	24	25	68	48	33	29	137	75	113	74	32	39	20	28	22	24	18	34	7	7	7	4	2	5	4	4	73	52	59	77	63	58	46	145	69	31	19	61	41	88	26	99	41	36	36	70	20	21	21	61
15999	91	37	47	35	94	57	47	54	76	26	13	53	56	39	11	81	86	57	43	56	19	10	10	24	33	34	38	43	52	46	59	54	35	18	14	19	10	13	13	17	41	30	26	33	18	10	5	25	59	50	27	29	127	89	86	67	35	32	20	30	16	35	30	31	5	10	1	5	5	4	3	2	87	55	45	87	56	96	77	102	67	43	28	54	40	90	63	105	38	47	35	64	22	13	12	43
16036_D	141	59	69	68	199	191	116	462	86	49	47	109	101	52	18	141	135	122	108	143	48	25	18	59	70	81	31	89	101	131	106	334	59	45	21	46	21	22	15	32	123	80	97	88	40	16	17	37	77	61	40	46	177	138	181	107	55	26	24	61	29	40	25	64	18	16	8	11	11	4	6	6	98	81	64	105	114	168	125	397	120	77	48	107	53	96	31	151	106	120	91	240	49	32	22	76
16045_D	30	21	17	15	34	21	25	27	35	10	8	20	11	8	8	24	22	17	24	21	14	3	3	8	17	24	16	12	16	18	17	29	9	10	3	6	2	9	6	6	11	17	11	20	5	3	11	7	23	15	7	10	20	15	19	17	15	13	8	9	5	10	10	14	2	3	4	0	1	0	2	1	28	21	14	37	21	37	25	40	34	21	12	21	10	17	15	30	20	12	11	32	8	5	5	21
16085	143	47	59	64	122	83	71	149	100	41	21	82	89	48	17	71	113	83	72	91	37	27	11	46	51	59	49	69	62	81	73	86	43	42	25	30	12	32	12	21	111	56	46	65	15	13	11	23	74	46	51	43	210	152	179	94	59	52	25	43	23	47	31	44	19	15	8	11	5	7	5	5	112	75	81	123	78	115	91	153	108	73	47	100	56	117	53	115	76	87	50	129	42	18	33	82
16124	111	40	54	47	107	105	55	103	58	25	18	65	37	34	17	58	75	52	47	56	29	17	11	29	41	37	28	57	51	67	51	78	22	32	5	15	11	14	13	18	46	27	28	39	19	7	16	15	54	40	33	40	142	108	136	52	35	30	21	21	21	31	25	17	11	7	10	11	6	8	4	0	85	65	53	71	68	93	68	105	70	33	17	52	27	88	53	80	40	26	33	74	34	23	23	58
16125	118	83	75	73	140	115	97	154	99	42	26	85	68	72	16	105	114	88	78	99	60	22	19	50	55	45	32	86	64	110	93	121	44	38	14	20	14	26	12	29	88	44	48	66	31	20	14	37	81	63	58	48	195	138	186	95	50	54	27	53	23	39	43	53	13	10	9	12	7	2	0	4	130	92	81	120	100	122	116	160	105	59	35	81	53	114	47	105	70	74	71	116	43	27	24	79
16159	90	60	44	71	102	81	76	145	104	47	27	126	88	58	22	139	75	68	57	84	56	27	24	83	40	70	36	66	48	68	52	116	28	30	23	24	21	23	16	40	47	42	44	66	32	27	29	51	68	81	39	48	117	87	126	68	47	49	33	47	24	51	42	40	9	10	6	6	7	7	10	3	101	101	68	93	84	112	70	136	107	63	28	102	36	107	45	162	47	57	48	95	53	42	32	170
16183	142	83	80	91	146	129	80	133	153	34	33	114	120	103	43	172	126	88	65	102	45	20	29	38	72	98	93	150	60	94	100	123	46	54	19	27	38	51	36	54	67	60	32	77	24	25	26	32	101	107	59	60	218	154	247	92	57	47	34	42	37	73	62	59	10	14	11	13	8	11	5	6	147	176	91	163	99	118	91	183	112	89	49	108	111	441	276	333	73	68	50	149	69	39	37	66
16212	127	51	76	67	104	95	70	124	100	25	10	54	54	40	11	66	105	81	50	64	28	16	10	46	66	47	38	67	51	72	69	109	39	22	11	20	17	21	8	16	63	42	39	41	17	19	13	27	68	35	48	47	120	105	111	55	42	43	23	17	23	37	26	25	8	10	5	13	6	7	4	6	116	84	72	114	69	93	77	142	87	60	32	59	33	76	64	74	53	51	47	114	38	29	22	76
16216	155	92	85	68	174	123	97	184	152	77	71	148	124	70	42	115	165	123	88	101	59	26	31	62	70	94	49	87	80	76	85	134	48	56	23	42	57	47	27	62	104	94	79	77	29	32	42	55	108	84	69	60	172	143	168	86	88	93	56	72	60	65	42	69	19	18	7	12	12	13	5	9	160	111	117	119	127	174	114	187	184	138	67	192	123	166	101	245	118	111	82	177	57	53	28	123
16217	113	50	57	59	191	101	107	183	77	54	34	83	74	44	21	77	138	121	65	91	48	38	25	43	56	75	42	59	77	90	71	172	39	65	27	24	17	27	15	23	103	83	60	69	27	23	20	34	98	41	48	38	115	78	85	45	92	68	40	36	35	58	35	38	19	9	12	11	8	5	5	3	125	51	58	98	109	128	98	192	98	109	57	110	30	77	52	118	116	105	57	136	62	45	20	82
16244	103	41	64	50	103	64	53	96	39	25	19	41	30	31	19	39	89	38	49	83	19	18	14	32	33	47	43	47	61	65	66	78	23	27	7	23	11	16	16	18	47	39	20	38	18	11	17	19	64	40	34	27	151	92	108	56	28	30	19	27	22	25	23	30	11	11	5	12	2	4	6	2	98	50	42	76	48	78	64	97	60	53	24	52	25	108	86	78	41	36	33	60	19	15	12	53
16245	90	58	55	63	106	64	62	86	82	30	24	73	85	43	18	87	74	63	67	79	35	20	12	22	48	45	24	58	46	60	57	105	30	38	15	14	16	21	18	18	49	35	35	55	15	15	14	19	53	49	48	26	131	89	83	61	45	48	32	33	22	37	22	40	9	8	8	9	5	6	2	1	93	72	47	112	65	78	59	107	86	38	26	73	44	94	36	112	57	67	48	105	27	17	25	68
16259	158	76	79	77	184	149	146	227	111	47	30	94	61	38	15	84	179	132	105	115	68	32	24	46	69	69	53	82	102	135	111	186	65	57	22	22	23	23	13	28	109	107	69	125	17	30	17	55	100	67	56	47	216	155	229	91	86	67	37	53	43	43	34	52	21	13	19	16	18	8	5	6	144	93	68	125	135	168	125	221	148	125	57	145	60	86	36	122	114	138	85	173	37	37	26	89
16288	107	56	57	69	264	451	219	11132	76	51	19	71	64	37	24	66	126	110	72	915	88	89	19	2757	58	69	43	64	113	149	127	2168	28	45	14	41	16	19	15	25	70	71	42	393	33	33	29	580	65	63	46	40	192	182	154	1194	35	54	34	29	31	45	28	38	12	13	6	77	9	6	5	179	104	69	69	74	152	296	138	5739	75	77	45	85	44	69	40	105	86	95	42	540	94	92	61	3802
16310	72	32	52	47	93	64	51	145	67	22	20	34	22	14	6	23	77	59	47	47	26	9	17	34	36	46	36	26	47	48	55	108	25	24	10	23	9	11	9	12	54	44	27	34	18	18	12	19	63	34	28	22	120	55	95	35	50	35	19	20	17	14	30	15	10	7	5	5	8	3	5	2	84	52	57	70	71	95	55	140	55	60	43	60	20	28	17	45	41	55	26	58	20	19	12	61
16327_D	180	77	109	104	175	158	116	341	122	43	31	108	87	59	34	116	129	76	97	119	41	17	28	96	53	84	69	73	80	114	96	225	56	43	24	49	23	32	31	34	91	79	57	77	24	13	20	45	125	90	103	113	240	193	255	142	67	51	37	45	36	45	34	46	12	13	12	10	5	6	3	7	130	84	102	158	123	173	114	340	141	87	31	116	73	126	78	164	87	83	67	132	38	48	24	150
16328	99	53	56	52	82	66	56	114	55	31	14	68	93	65	27	119	62	46	48	55	27	10	14	36	69	115	102	112	47	65	49	76	26	29	20	23	34	120	43	68	38	23	22	32	16	8	25	19	51	75	63	31	167	109	159	64	31	38	11	20	26	81	38	48	10	8	10	2	5	10	2	2	86	242	94	87	66	100	72	105	65	75	29	57	181	979	358	430	24	27	24	79	36	22	22	59
16342	210	94	103	147	193	139	117	288	104	54	42	127	91	67	26	97	116	132	101	142	43	28	21	40	74	93	63	83	85	124	102	222	48	59	25	35	27	47	24	35	120	77	75	94	28	28	29	39	113	92	96	78	175	139	167	83	88	60	41	56	35	69	49	44	21	12	14	11	12	3	10	3	177	186	90	183	116	170	114	278	133	95	67	159	98	210	93	187	88	105	99	220	38	42	29	69
16356	75	33	34	38	69	55	38	35	56	26	14	43	42	31	13	76	43	50	32	45	31	15	19	14	37	22	15	28	37	54	55	47	20	23	11	13	7	11	7	12	46	34	33	32	17	5	18	15	52	33	27	31	111	63	76	46	27	21	12	43	15	20	14	22	7	7	7	6	3	5	4	5	71	55	37	62	56	75	50	68	59	27	23	44	27	63	23	84	35	37	37	80	24	8	10	19
16359	112	54	48	64	114	96	70	163	54	22	25	69	53	69	29	93	101	55	53	91	39	19	10	32	54	42	40	59	72	67	67	131	28	30	13	20	13	24	10	40	66	35	38	36	28	17	16	22	71	65	41	35	169	127	159	91	42	39	8	25	28	40	31	48	9	12	11	10	12	5	3	5	113	72	68	122	77	103	76	154	87	48	30	80	54	138	84	151	48	66	49	99	28	25	25	70
16390	128	80	72	80	149	120	87	260	104	55	37	82	45	46	26	80	110	94	62	79	62	25	20	73	58	100	39	83	65	84	80	186	41	69	20	37	18	28	14	24	71	78	57	76	24	33	29	71	87	84	56	57	115	102	100	58	60	78	35	51	36	49	54	42	11	12	13	7	10	2	6	8	137	90	75	112	88	163	105	273	81	84	58	102	30	83	31	114	81	73	49	78	44	45	27	127
16404	127	64	60	64	146	99	88	217	76	34	24	73	62	29	16	73	74	69	55	77	36	37	23	49	42	74	46	44	72	83	75	147	38	39	21	37	12	33	13	23	80	41	33	54	30	32	25	40	60	54	41	34	99	85	78	57	52	41	40	34	26	41	34	35	11	13	11	10	7	5	3	4	96	91	59	117	72	115	74	200	99	71	34	92	33	80	44	126	65	76	49	111	55	47	31	93
16405	103	56	55	72	124	109	95	176	92	29	23	76	67	52	13	71	88	57	41	100	56	13	14	30	44	78	43	67	60	79	80	121	37	29	9	44	15	22	12	26	60	39	37	57	30	19	23	37	93	79	92	127	121	78	88	65	43	35	22	45	29	44	28	27	13	6	11	12	7	4	4	3	103	70	76	106	57	98	54	169	108	47	22	69	48	92	47	116	49	41	39	102	46	25	24	70
16427	147	83	75	94	149	104	108	252	99	61	34	98	80	34	24	77	153	119	75	100	56	35	32	105	65	116	84	98	75	85	102	195	56	81	17	38	9	26	24	29	99	101	55	83	32	34	27	70	89	75	49	67	206	126	212	90	89	65	48	49	44	62	51	44	20	22	12	15	13	2	7	7	140	128	95	142	100	139	121	220	150	124	82	135	61	142	82	132	120	116	85	167	54	54	34	156
16433_D	115	64	49	55	117	110	87	220	84	43	27	91	80	44	21	89	116	63	54	74	28	20	15	51	61	73	45	66	68	76	58	178	33	42	16	27	24	32	12	25	61	70	40	55	20	20	20	39	69	48	46	28	122	108	124	75	54	44	23	43	43	56	33	47	11	12	7	14	12	6	6	6	119	80	76	117	98	116	77	233	95	66	32	80	43	87	29	110	65	85	51	117	33	35	32	96
16439	106	32	41	57	93	61	56	119	73	24	16	62	42	34	13	60	56	39	42	46	28	16	17	27	31	33	26	31	54	67	66	96	29	25	11	15	11	17	6	13	39	26	28	28	6	14	14	26	73	43	38	26	148	84	111	58	19	31	6	28	17	19	21	18	10	5	8	10	4	4	2	2	81	59	51	79	75	97	53	120	51	33	15	50	21	59	18	71	32	48	41	71	22	13	9	33
16440	129	66	89	87	114	81	95	164	119	53	27	127	109	96	38	158	97	82	63	115	57	25	29	51	63	77	77	70	66	78	103	99	40	47	27	37	26	24	20	32	80	53	43	66	25	21	17	41	115	85	92	75	216	124	170	97	63	48	18	59	33	62	44	50	13	10	8	12	12	4	7	5	134	70	87	136	66	112	82	170	120	66	35	104	59	136	37	164	81	92	57	143	46	34	21	116
16443	83	40	46	48	83	69	70	108	74	25	17	50	67	47	19	124	87	66	58	75	54	14	23	35	39	41	37	57	51	62	47	90	35	25	19	12	14	22	12	13	50	27	32	46	18	22	16	18	63	40	38	26	149	94	126	56	35	32	17	29	13	30	21	24	8	12	9	10	6	3	4	5	86	48	55	85	72	77	78	126	74	43	16	56	42	78	52	115	54	45	40	99	40	15	23	37
16462	120	54	60	81	94	71	58	112	64	26	18	94	108	71	24	132	62	47	57	97	52	15	19	27	54	59	59	85	47	64	73	76	24	22	13	31	24	29	21	30	49	35	30	48	21	16	24	19	90	40	44	48	162	102	137	81	42	28	12	34	22	45	22	35	6	10	7	10	4	3	2	5	110	97	79	117	52	73	63	102	81	39	24	55	82	146	106	165	47	61	47	149	27	21	23	65
16468	66	26	30	36	73	63	56	72	59	19	20	49	41	42	18	65	65	42	33	49	16	12	5	14	26	30	25	29	42	66	56	58	43	11	12	12	15	10	12	14	37	25	25	29	12	8	7	13	44	37	33	19	124	74	103	59	34	15	14	15	18	38	16	22	10	6	4	2	6	4	3	0	67	39	56	58	39	88	51	106	48	21	23	35	43	48	29	82	42	38	32	66	16	14	17	33
16479	173	87	115	120	153	118	113	209	103	69	40	98	110	67	20	126	121	91	75	103	46	30	30	63	82	82	84	98	73	103	110	137	56	55	19	39	18	43	14	28	98	70	51	94	29	20	20	45	148	76	70	69	230	130	223	112	90	72	47	59	47	61	51	54	28	17	17	17	7	8	9	6	158	130	134	173	101	136	120	231	155	90	55	134	75	136	94	185	80	76	70	157	36	36	48	111
16494	136	76	75	85	190	126	96	251	109	58	26	121	99	76	37	222	162	96	95	104	81	27	25	81	75	101	68	104	78	122	76	193	49	75	30	46	22	32	27	40	127	92	50	88	25	24	18	44	94	67	50	46	239	194	285	108	88	75	39	62	64	59	52	49	23	15	20	12	12	6	7	5	136	119	88	133	142	191	119	262	146	115	63	124	78	178	119	200	120	115	70	153	53	36	45	129
16506_D	169	75	90	113	177	150	108	548	132	67	36	98	74	42	17	62	131	114	83	118	47	35	16	59	61	66	52	92	79	96	96	317	62	53	28	41	19	28	9	28	93	87	60	86	15	25	14	42	92	80	57	68	129	94	114	111	92	60	42	32	39	41	34	50	19	20	11	12	7	13	4	5	128	77	98	129	127	174	118	465	138	114	63	109	34	78	41	103	87	112	66	141	33	31	25	86
16527	166	87	106	113	153	136	95	253	139	64	40	134	133	78	34	196	139	118	112	149	60	33	20	74	76	94	61	94	76	100	116	219	44	45	20	40	27	29	20	43	105	84	76	89	38	26	32	48	116	70	69	50	211	144	178	114	73	61	47	58	42	49	42	66	13	22	10	17	10	7	4	9	163	120	111	164	127	142	94	235	141	88	39	129	71	140	79	156	113	110	89	174	62	41	37	132
16544	89	43	47	58	150	147	95	225	52	31	17	58	40	27	16	76	74	53	85	91	29	13	14	25	41	43	28	49	76	114	94	170	26	16	18	18	15	15	9	16	54	29	33	60	17	15	12	22	74	49	38	22	180	115	165	70	46	19	23	23	20	24	27	14	9	3	10	15	11	3	2	1	85	52	71	85	87	118	83	217	69	42	27	49	33	82	33	93	50	69	59	129	18	31	20	48
16572	101	39	46	43	111	87	82	67	70	36	22	64	73	46	22	98	73	54	66	87	30	15	15	25	50	42	37	58	46	50	47	74	40	32	12	13	9	17	18	23	52	43	39	49	21	10	17	24	69	43	37	38	153	105	130	65	42	31	21	28	19	33	24	19	14	11	5	10	4	7	1	2	113	68	77	101	73	81	58	90	74	42	24	72	51	97	62	111	54	64	43	123	27	24	19	48
